<svg xmlns="http://www.w3.org/2000/svg" width="599" height="128" viewBox="0 0 599 128">
  <defs>
    <style>
      .cls-1 {
        fill: #444;
      }

      .cls-1, .cls-2, .cls-3 {
        fill-rule: evenodd;
      }

      .cls-2 {
        fill: #545454;
      }

      .cls-3 {
        fill: #202020;
      }
    </style>
  </defs>
  <g id="ロゴ">
    <path id="厚生労働省_統合医療_に係る情報発信等" data-name="厚生労働省『「統合医療」に係る情報発信等" class="cls-1" d="M359.905,585.124a1.807,1.807,0,0,0,2.1-1.875v-2.857c0-1.116-.715-1.83-2.1-1.83H349.727a1.867,1.867,0,0,0-2.075,1.83v2.857a1.791,1.791,0,0,0,2.053,1.875h10.2Zm3.014,6.741a0.719,0.719,0,1,0,0-1.429H358.7a5.6,5.6,0,0,0-2.3-.982,0.3,0.3,0,0,1-.223-0.134,0.189,0.189,0,0,1,.179-0.111c1.049-.246,2.343-0.514,3.437-0.871a1.224,1.224,0,0,0,.937-1.093,1.106,1.106,0,0,0-1.317-.96H349.348a0.69,0.69,0,1,0,0,1.361h7.633c0.112,0,.157.022,0.157,0.067,0,0.246-3.326,1.116-3.326,1.116a0.763,0.763,0,0,0-.647.714,0.663,0.663,0,0,0,.58.648c0.4,0.089.8,0.156,1.161,0.245h-7.679a0.719,0.719,0,1,0,0,1.429h10.134a1.46,1.46,0,0,1,.112.558v0.022c0,1.54-2.1,2.143-4.308,2.143a12.4,12.4,0,0,1-3.572-.514,0.821,0.821,0,0,0-.312-0.044,0.644,0.644,0,0,0-.67.669,0.679,0.679,0,0,0,.469.67,15.527,15.527,0,0,0,4.643.692c3.035,0,6.049-.893,6.049-3.549a3,3,0,0,0-.09-0.647h3.237Zm-0.447-14.508a0.742,0.742,0,1,0,0-1.452h-16c-1.719,0-2.478.916-2.478,2.233v5.647c0,5.4-.245,8.281-1.54,11.071a0.849,0.849,0,0,0-.089.379,0.647,0.647,0,0,0,.647.647,0.846,0.846,0,0,0,.67-0.379c1.874-2.656,2.544-5.893,2.544-11.651V578.16a0.743,0.743,0,0,1,.781-0.8h15.468Zm-2.7,5.87a0.634,0.634,0,0,1-.692.647h-8.5a0.672,0.672,0,0,1-.737-0.647v-0.8h9.933v0.8Zm0-2.009h-9.933v-0.759a0.617,0.617,0,0,1,.692-0.625h8.549a0.628,0.628,0,0,1,.692.625v0.759Zm28.658,13.928a0.823,0.823,0,1,0,0-1.629h-7.9V587.6h6.026a0.816,0.816,0,0,0,.915-0.782,0.829,0.829,0,0,0-.915-0.781h-6.026v-4.955h6.941a0.81,0.81,0,1,0,0-1.607h-6.941v-2.969a1.262,1.262,0,0,0-2.523,0v2.969h-3.973a9.209,9.209,0,0,0,.648-2.1,1.325,1.325,0,0,0-1.407-1.228,1.166,1.166,0,0,0-1.2.96,22.777,22.777,0,0,1-3.236,8.258,1.015,1.015,0,0,0-.179.514,0.738,0.738,0,0,0,.737.714,0.861,0.861,0,0,0,.692-0.335,19.286,19.286,0,0,0,3.3-5.178h4.62v4.955h-5.714a0.829,0.829,0,0,0-.915.781,0.817,0.817,0,0,0,.915.782h5.714v5.915h-8.5a0.847,0.847,0,0,0-.915.825,0.819,0.819,0,0,0,.915.8H388.43Zm17.744-15.959c0-.96-1.719-3.1-2.076-3.549a0.972,0.972,0,0,0-.781-0.4,0.693,0.693,0,0,0-.737.692,1.033,1.033,0,0,0,.089.424,22.69,22.69,0,0,1,1.072,3.214,1.075,1.075,0,0,0,1.071.893A1.365,1.365,0,0,0,406.174,579.187Zm8.705,3.482a1.953,1.953,0,0,0-2.255-2.009h-2.991c0.29-.134,3.348-2.991,3.348-4.129a1.421,1.421,0,0,0-1.45-1.295,1.121,1.121,0,0,0-1.094.737,22.873,22.873,0,0,1-1.92,3.616,0.839,0.839,0,0,0-.178.513,0.676,0.676,0,0,0,.268.558H396.955a2.029,2.029,0,0,0-2.321,2.009v1.719a1.194,1.194,0,0,0,1.228,1.272,1.224,1.224,0,0,0,1.25-1.272v-1.451a0.7,0.7,0,0,1,.758-0.759h13.794a0.7,0.7,0,0,1,.759.759v1.517a1.229,1.229,0,1,0,2.456,0v-1.785Zm-14.263-3.5c0-.446-0.223-1.16-2.388-3.259a1.024,1.024,0,0,0-.715-0.312,0.688,0.688,0,0,0-.736.67,1.079,1.079,0,0,0,.134.491,16.37,16.37,0,0,1,1.294,2.857,1.124,1.124,0,0,0,1.072.848A1.333,1.333,0,0,0,400.616,579.164Zm9.531,8.281c0.8,0,.826.469,0.826,1.072a9.23,9.23,0,0,1-.983,4.6,2.343,2.343,0,0,1-2.075.87,10.414,10.414,0,0,1-2.679-.446,1.13,1.13,0,0,0-.268-0.045,0.753,0.753,0,0,0-.759.759,0.848,0.848,0,0,0,.625.8,12.147,12.147,0,0,0,3.929.848c2.567,0,4.553-1.585,4.553-7.9a1.96,1.96,0,0,0-2.232-2.075h-5.446c0.045-.335.112-1.317,0.112-1.54a1.2,1.2,0,0,0-1.25-1.228,1.284,1.284,0,0,0-1.317,1.25c-0.023.536-.045,1.049-0.112,1.518h-6.428a0.766,0.766,0,1,0,0,1.517h6.16c-0.87,3.772-3.147,5.915-7.678,7.232a0.807,0.807,0,0,0-.692.759,0.748,0.748,0,0,0,.759.737,0.6,0.6,0,0,0,.2-0.023c5.826-1.294,8.928-3.906,9.977-8.7h4.777Zm22.877,3.817a0.652,0.652,0,0,0,.714-0.647,0.664,0.664,0,0,0-.714-0.647h-2.678v-1.385h1.5c1.317,0,2.009-.58,2.009-1.763v-3.3c0-1.228-.692-1.763-1.964-1.763h-1.54V580.5h2.946a0.66,0.66,0,0,0,.714-0.6,0.819,0.819,0,0,0,.6.2h0.669l0.023,2.187c0,6.317-.4,9.486-2.389,12.812a0.927,0.927,0,0,0-.133.446,0.652,0.652,0,0,0,.669.648,0.81,0.81,0,0,0,.647-0.357c2.322-3.148,3.125-6.272,3.125-13.326V580.1h0.715a0.658,0.658,0,0,1,.736.692v1.718c0,10.6-.491,11.741-1.674,11.741a3.264,3.264,0,0,1-.826-0.134,1.167,1.167,0,0,0-.245-0.045,0.615,0.615,0,0,0-.625.648c0,0.87,1.629,1.205,2.388,1.205a1.989,1.989,0,0,0,1.9-1.138,6.327,6.327,0,0,0,.6-2.009,92.194,92.194,0,0,0,.4-11.852,1.918,1.918,0,0,0-2.21-2.232H437.22v-2.567a0.971,0.971,0,1,0-1.942,0V578.7h-0.669a0.741,0.741,0,0,0-.8.692,0.711,0.711,0,0,0-.513-0.179h-2.946v-1.428c2.366-.291,2.991-0.38,2.991-1.206a1.044,1.044,0,0,0-1.05-1.027,1.55,1.55,0,0,0-.424.067,28.744,28.744,0,0,1-5.8,1.206,0.657,0.657,0,0,0-.647.647,0.626,0.626,0,0,0,.669.647c0.268,0,.849-0.022,2.344-0.156v1.25H425.5a0.672,0.672,0,0,0-.736.648,0.66,0.66,0,0,0,.736.647h2.924v1.25h-1.473a1.647,1.647,0,0,0-1.942,1.763v3.437c0,1.161.647,1.629,1.964,1.629h1.451v1.385h-2.678a0.66,0.66,0,0,0-.737.647,0.673,0.673,0,0,0,.737.647h2.678v1.987c-0.937.133-1.875,0.223-2.924,0.312a0.914,0.914,0,0,0-.893.938,1,1,0,0,0,.96,1.048,44.707,44.707,0,0,0,7.79-1.964,0.713,0.713,0,0,0,.491-0.647,0.534,0.534,0,0,0-.536-0.558,0.627,0.627,0,0,0-.2.022c-0.959.224-1.852,0.4-2.767,0.559v-1.7h2.678ZM421.8,595.034a1.033,1.033,0,0,0,1.027,1.116,1.044,1.044,0,0,0,1.049-1.138V580.481a20.682,20.682,0,0,0,1.294-4.218,1.1,1.1,0,0,0-1.16-1.094,1.157,1.157,0,0,0-1.161.982,24.709,24.709,0,0,1-3.036,8.482,0.991,0.991,0,0,0-.156.536,0.7,0.7,0,0,0,.67.736c0.379,0,.714-0.29,1.562-1.629L421.8,595.012v0.022Zm10.312-8.169a0.6,0.6,0,0,1-.625.647H430.3v-1.83h1.808v1.183Zm0-2.254H430.3v-1.742h1.2a0.575,0.575,0,0,1,.6.6v1.139Zm-3.638,2.9H427.4a0.592,0.592,0,0,1-.625-0.647v-1.183h1.7v1.83Zm0-2.9h-1.7v-1.139a0.575,0.575,0,0,1,.6-0.6h1.094v1.742Zm33.836,11.071c1.518,0,2.3-.8,2.3-2.032v-6.74a2.054,2.054,0,0,0-2.321-2.076h-6.361a18.46,18.46,0,0,0,5.647-2.723,1.082,1.082,0,0,0,.491-0.871,1.175,1.175,0,0,0-1.161-1.116,1.281,1.281,0,0,0-.826.313c-3.7,3.1-8.28,4.107-13.637,4.888a0.672,0.672,0,0,0-.648.647,0.723,0.723,0,0,0,.782.714c0.044,0,.089-0.022.156-0.022l2.611-.4a2.064,2.064,0,0,0-.089.648v6.718a1.992,1.992,0,0,0,2.277,2.054h10.78Zm0.023-2.165a0.733,0.733,0,0,1-.781.8h-9.241a0.722,0.722,0,0,1-.781-0.8v-1.184h10.8v1.184ZM455.276,579.3c0,0.916-.334,1.25-1.071,1.25a5.744,5.744,0,0,1-1.5-.267,0.933,0.933,0,0,0-.246-0.045,0.64,0.64,0,0,0-.625.692,0.754,0.754,0,0,0,.491.714,8.338,8.338,0,0,0,2.7.558,2.3,2.3,0,0,0,2.567-2.567v-3.37a1.161,1.161,0,1,0-2.322,0V579.3Zm7.054,11.785h-10.8v-1.808h10.8v1.808Zm0-3.1h-10.8v-1a0.755,0.755,0,0,1,.781-0.8h9.241a0.768,0.768,0,0,1,.781.8v1Zm3.08-5.089a1.326,1.326,0,0,0,1.272-1.317,1.441,1.441,0,0,0-.469-1.027,32.364,32.364,0,0,0-4.955-4.017,1.079,1.079,0,0,0-.625-0.2,0.686,0.686,0,0,0-.714.692,0.742,0.742,0,0,0,.268.58,30.209,30.209,0,0,1,4.174,4.687A1.309,1.309,0,0,0,465.41,582.892Zm-12.477-5.468a1.314,1.314,0,0,0-1.317-1.184,1.059,1.059,0,0,0-.938.581,16.1,16.1,0,0,1-4.173,4.866,0.915,0.915,0,0,0-.38.692,0.676,0.676,0,0,0,.692.669C447.755,583.048,452.933,578.83,452.933,577.424Zm23.012,16.7a1.936,1.936,0,0,0,3.816,0V578.83a0.385,0.385,0,0,1,.447-0.425h2.12a1.752,1.752,0,0,0,0-3.459h-3.7a2.422,2.422,0,0,0-2.678,2.567v16.606Zm2.611-.179a0.625,0.625,0,0,1-.714.559,0.616,0.616,0,0,1-.692-0.559V577.758a1.446,1.446,0,0,1,1.719-1.651h3.281a0.532,0.532,0,0,1,.535.558,0.538,0.538,0,0,1-.535.58h-2.522a0.931,0.931,0,0,0-1.072,1.049V593.94Zm13.436,0.938a0.848,0.848,0,0,0,.871.893,0.872,0.872,0,0,0,.915-0.893V577.6a1,1,0,0,1,.938-1.071h2.968a0.793,0.793,0,0,0,0-1.585h-3.192a2.265,2.265,0,0,0-2.5,2.366v17.566Zm30.846-15.714a0.734,0.734,0,0,0,.8-0.736,0.746,0.746,0,0,0-.8-0.737h-4.151V576.33a1.172,1.172,0,1,0-2.344,0v1.361H512.5a0.746,0.746,0,0,0-.8.737,0.734,0.734,0,0,0,.8.736h2.946a0.243,0.243,0,0,0-.044.112,20.447,20.447,0,0,1-1.719,4.2h-0.982a0.935,0.935,0,0,0-.982.982,1,1,0,0,0,.959,1.049,78.365,78.365,0,0,0,8.192-1.428c0.156,0.335.29,0.67,0.424,1.027a1,1,0,0,0,.96.736,1.228,1.228,0,0,0,1.2-1.2c0-.357-0.134-1.205-3.326-4.531a0.894,0.894,0,0,0-.625-0.29,0.629,0.629,0,0,0-.647.625,0.788,0.788,0,0,0,.156.468c0.447,0.648.893,1.34,1.3,2.054-1.674.2-3.393,0.379-5.089,0.469,1.071-1.317,2.344-3.214,2.344-3.75a0.844,0.844,0,0,0-.179-0.514h5.446ZM518,593.427c0,2.032,1.049,2.389,2.745,2.389,2.388,0,3.37-.38,3.415-5.246a0.728,0.728,0,0,0-.736-0.737,0.674,0.674,0,0,0-.692.67c-0.157,2.723-.514,3.348-1.63,3.348-0.893,0-1-.379-1-0.692V586.24a0.978,0.978,0,0,0-1.049-.982A1,1,0,0,0,518,586.285v7.142Zm-11.919-13.258c0.669-.692,2.812-3.192,2.812-4a1.088,1.088,0,0,0-1.138-.983,0.941,0.941,0,0,0-.938.67,19.935,19.935,0,0,1-1.652,3.5,2.082,2.082,0,0,0-1.272-.758,0.6,0.6,0,0,0-.625.58,0.673,0.673,0,0,0,.2.491,18.124,18.124,0,0,1,1.942,2.544,0.831,0.831,0,0,0,.692.447,1.078,1.078,0,0,0,.625-1.853Zm5.357,15.892c3.928-1.9,5.111-4.509,5.111-9.085a1.1,1.1,0,0,0-1.116-1.338,1.018,1.018,0,0,0-1.049,1.093c0,4.2-.491,6.205-3.772,8.1a0.7,0.7,0,0,0-.4.626,0.73,0.73,0,0,0,.759.714A1.023,1.023,0,0,0,511.433,596.061Zm-4.576-.982a1.029,1.029,0,0,0,1,1.116,1.017,1.017,0,0,0,1-1.116l-0.023-8.928c0.424-.09.8-0.223,1.161-0.313,0.29,1.317.357,1.585,0.937,1.585a0.962,0.962,0,0,0,.96-0.937,14.362,14.362,0,0,0-1.54-3.549,0.618,0.618,0,0,0-.558-0.335,0.563,0.563,0,0,0-.558.826c0.156,0.4.313,0.826,0.447,1.294-0.983.134-2.076,0.246-3.192,0.335a56.683,56.683,0,0,0,4.642-5.2,1.236,1.236,0,0,0,.268-0.693,1.132,1.132,0,0,0-1.16-1.049,1.027,1.027,0,0,0-.916.581,45.167,45.167,0,0,1-4.486,6.473c-0.29.022-.58,0.022-0.87,0.022a0.878,0.878,0,0,0-.938.893,0.984,0.984,0,0,0,1,1,23.623,23.623,0,0,0,2.835-.513Zm4.174-1.942a1,1,0,0,0,1-1.027,17.767,17.767,0,0,0-1.183-3.705,0.672,0.672,0,0,0-.625-0.446,0.629,0.629,0,0,0-.625.647,0.6,0.6,0,0,0,.023.2,22.346,22.346,0,0,1,.58,3.482A0.839,0.839,0,0,0,511.031,593.137Zm-6.317,1.138a23.235,23.235,0,0,0,1.473-5.2,0.989,0.989,0,0,0-1.049-.982,0.85,0.85,0,0,0-.915.8,29.147,29.147,0,0,1-.87,4.955,0.811,0.811,0,0,0-.023.223,0.681,0.681,0,0,0,.692.693A0.77,0.77,0,0,0,504.714,594.275Zm40.421-10.021a0.793,0.793,0,1,0,0-1.585h-11.5a26.987,26.987,0,0,0,5.6-5.223,0.58,0.58,0,0,1,.468-0.246,0.548,0.548,0,0,1,.447.224,32.8,32.8,0,0,0,7.611,6.807,1.808,1.808,0,0,0,.915.29,1.409,1.409,0,0,0,1.362-1.428,1.369,1.369,0,0,0-.915-1.295,28.823,28.823,0,0,1-8.415-5.915,2.58,2.58,0,0,0-1.763-.692,2.4,2.4,0,0,0-1.987,1,24.853,24.853,0,0,1-7.991,7.41,0.742,0.742,0,0,0-.4.67,0.733,0.733,0,0,0,.736.759,17.513,17.513,0,0,0,3.437-1.786,0.627,0.627,0,0,0-.022.2,0.772,0.772,0,0,0,.8.8h11.606Zm-0.29,11.36c1.563,0,2.522-.758,2.522-2.12v-4.665c0-1.384-.937-2.1-2.522-2.1H533.819c-1.585,0-2.5.781-2.5,2.121v4.642c0,1.362.96,2.12,2.5,2.12h11.026Zm0.2-2.477a0.863,0.863,0,0,1-.96.893H534.6a0.863,0.863,0,0,1-.96-0.893v-3.973a0.8,0.8,0,0,1,.938-0.848h9.508a0.794,0.794,0,0,1,.96.848v3.973Zm28.77-6.741a0.725,0.725,0,0,0,.781-0.736,0.714,0.714,0,0,0-.781-0.737h-6.25c0.067-1.094.09-2.477,0.09-3.281h4.91a0.729,0.729,0,1,0,0-1.451h-9.017a2.829,2.829,0,0,0,.379-1.094,1.226,1.226,0,0,0-1.317-1.115,1.091,1.091,0,0,0-1.094.78,10.748,10.748,0,0,1-2.3,4.554,0.8,0.8,0,0,0-.223.536,0.692,0.692,0,0,0,.67.692c0.625,0,2.12-1.607,3.013-2.9h2.746c0,0.8-.023,2.187-0.09,3.281h-6.071a0.746,0.746,0,0,0-.8.737,0.733,0.733,0,0,0,.8.736h5.893c-0.625,3.17-2.656,4.687-6.049,5.6a0.6,0.6,0,0,0-.514.558,0.744,0.744,0,0,0,.759.714s5.469-.669,7.411-4.933a28.44,28.44,0,0,1,5.044,4.219,1.307,1.307,0,0,0,.96.468,1.186,1.186,0,0,0,1.161-1.183,1.625,1.625,0,0,0-.782-1.294,37.686,37.686,0,0,0-5.959-3.37c0.067-.246.156-0.514,0.2-0.782h6.428Zm0.87,9.442a0.861,0.861,0,1,0,0-1.719H558.705a0.925,0.925,0,0,1-1-.96V578.45a0.962,0.962,0,0,1,.982-0.982h15.646a0.813,0.813,0,1,0,0-1.607H558.035a2.462,2.462,0,0,0-2.678,2.544v14.888a2.414,2.414,0,0,0,2.7,2.545h16.628Zm21.9-4.665c1.473,0,2.232-.648,2.232-1.808v-2.746a3.319,3.319,0,0,0,1.473.514,1.058,1.058,0,0,0,1.094-1.049,1.025,1.025,0,0,0-.916-0.982,11.492,11.492,0,0,1-2.678-.96c1.652-.826,2.054-1.205,2.054-1.674a0.972,0.972,0,0,0-.96-0.893,0.864,0.864,0,0,0-.715.357,9.616,9.616,0,0,1-1.5,1.518,8.519,8.519,0,0,1-1.986-2.143h5.446a0.7,0.7,0,0,0,.781-0.647,0.689,0.689,0,0,0-.781-0.648h-6.2l0.089-.312a1.1,1.1,0,0,0,.022-0.268,1.017,1.017,0,0,0-1.116-.937,1.091,1.091,0,0,0-1.138.8c-0.067.291-.134,0.469-0.2,0.714h-4.821a0.668,0.668,0,0,0-.759.648,0.688,0.688,0,0,0,.781.647h4.442a9.731,9.731,0,0,1-2.031,2.857,1,1,0,0,0,.223-0.6,0.882,0.882,0,0,0-.357-0.669,6.339,6.339,0,0,0-2.009-1.138,0.584,0.584,0,0,0-.625.558,0.7,0.7,0,0,0,.246.491,7.385,7.385,0,0,1,1.16,1.339,0.747,0.747,0,0,0,.625.379,0.8,0.8,0,0,0,.491-0.156,12.52,12.52,0,0,1-3.035,1.875,0.675,0.675,0,0,0-.424.6,0.623,0.623,0,0,0,.625.625,4.311,4.311,0,0,0,1.45-.558v2.455c0,1.116.648,1.808,2.21,1.808h2.567v2.388a0.86,0.86,0,0,1-1.027.915,5.22,5.22,0,0,1-1.183-.2,0.925,0.925,0,0,0-.245-0.022,0.681,0.681,0,0,0-.692.692c0,1.071,2.656,1.228,2.879,1.228,1.317,0,2.433-.581,2.433-2.054v-2.946h2.076Zm3.906-12.879a0.719,0.719,0,1,0,0-1.429h-7.277v-0.781a1.16,1.16,0,0,0-2.3,0v0.781h-5.178a2.115,2.115,0,0,0-2.366,2.232v3.929c0,0.513-.022.982-0.022,1.451a14.98,14.98,0,0,1-2.857,2.946,1.27,1.27,0,0,0-.514.982,1.069,1.069,0,0,0,.983,1.116c0.446,0,1-.335,2.321-2.79-0.2,3.728-.759,6-2.143,8.236a0.968,0.968,0,0,0-.156.514,0.639,0.639,0,0,0,.647.669,0.991,0.991,0,0,0,.737-0.4c2.3-2.7,3.147-5.759,3.147-12.678v-3.862a0.867,0.867,0,0,1,.915-0.915h14.062Zm-3.8,10.981a0.668,0.668,0,0,1-.781.67h-5.491a0.658,0.658,0,0,1-.781-0.67V588.5h7.053v0.78Zm-6.517,3.148a1.066,1.066,0,0,0-1.094-1,1.2,1.2,0,0,0-.982.558,9.5,9.5,0,0,1-2.723,2.5,0.789,0.789,0,0,0-.424.648,0.646,0.646,0,0,0,.669.6C586.158,595.726,590.176,593.673,590.176,592.423Zm9.731,3.236A1.139,1.139,0,0,0,601,594.5a1.239,1.239,0,0,0-.558-1,11.908,11.908,0,0,0-3.66-1.9,0.7,0.7,0,0,0-.737.647,0.733,0.733,0,0,0,.335.581,17.569,17.569,0,0,1,2.634,2.365A1.183,1.183,0,0,0,599.907,595.659Zm-3.214-8.348H589.64V586.6a0.65,0.65,0,0,1,.781-0.625h5.491a0.64,0.64,0,0,1,.781.625v0.714Zm-14.709-3.392a1.044,1.044,0,0,0,1-1.116,15.486,15.486,0,0,0-1.25-3.951,0.765,0.765,0,0,0-.67-0.491,0.653,0.653,0,0,0-.647.67,0.633,0.633,0,0,0,.022.2,30.125,30.125,0,0,1,.714,3.861A0.848,0.848,0,0,0,581.984,583.919ZM596,584.767h-5.089a10.355,10.355,0,0,0,2.545-3.438,10.949,10.949,0,0,0,2.232,3.148Zm13.972,11.472a2.281,2.281,0,0,0,2.5-2.388V576.307a0.848,0.848,0,0,0-.871-0.892,0.872,0.872,0,0,0-.915.892v17.254a1.057,1.057,0,0,1-.959,1.094h-2.947a0.793,0.793,0,0,0,0,1.584h3.192Zm15.969-2.365a1.017,1.017,0,0,0-.022-0.246,44.993,44.993,0,0,1-.514-6.183,45.455,45.455,0,0,1,1.183-9.285,1.7,1.7,0,0,0,.045-0.313,1.189,1.189,0,0,0-1.295-1.115,1.1,1.1,0,0,0-1.16.825,56.006,56.006,0,0,0-1.116,10.96,36.292,36.292,0,0,0,.335,5.557,1.209,1.209,0,0,0,1.2,1.094A1.3,1.3,0,0,0,625.942,593.874Zm15.535-1.139a1.162,1.162,0,0,0-1.25-1.16,1.6,1.6,0,0,0-.312.022,25.18,25.18,0,0,1-4.107.379c-4,0-5.313-1.384-5.313-2.388a2.6,2.6,0,0,1,.358-1.295,0.68,0.68,0,0,0-.648-1.048c-0.826,0-1.428,1.272-1.428,2.522,0,2.522,2.3,4.553,7.611,4.553a26.864,26.864,0,0,0,3.772-.313A1.344,1.344,0,0,0,641.477,592.735Zm-1.964-12.008a0.88,0.88,0,0,0,.87-0.915c0-.871-0.6-1.072-4.754-1.072-1.942,0-3.973.09-5.4,0.224a0.9,0.9,0,0,0-.871.915,0.845,0.845,0,0,0,.893.848h0.134a43.193,43.193,0,0,1,4.687-.246,35.972,35.972,0,0,1,4.308.246h0.134Zm18.391,0.96a14.764,14.764,0,0,0,2.366-2.076,1.186,1.186,0,0,0,.357-0.8,0.986,0.986,0,0,0-.335-0.714c1.83-.156,3.638-0.357,5.111-0.6a1.1,1.1,0,0,0,1.072-1.049,1.114,1.114,0,0,0-1.183-1.071,1.661,1.661,0,0,0-.447.067A56.139,56.139,0,0,1,654.132,577a0.7,0.7,0,0,0-.737.691,0.73,0.73,0,0,0,.8.714c0.312,0,2.343-.022,4.374-0.178a15.61,15.61,0,0,1-1.852,2.835,6.349,6.349,0,0,0-2.076-.826,0.653,0.653,0,0,0-.714.647,0.775,0.775,0,0,0,.379.625,14.117,14.117,0,0,1,2.88,2.388,1.115,1.115,0,0,0,.825.4,1.2,1.2,0,0,0,1.116-1.205A1.8,1.8,0,0,0,657.9,581.687ZM666.1,594.9a1.219,1.219,0,0,0,1.206-1.227,1.821,1.821,0,0,0-.29-0.916,26.942,26.942,0,0,0-2.768-3.593,0.931,0.931,0,0,0-.737-0.357,0.705,0.705,0,0,0-.736.692,0.915,0.915,0,0,0,.134.446,21.123,21.123,0,0,1,2.053,4.062A1.216,1.216,0,0,0,666.1,594.9Zm-7.03.179a1.173,1.173,0,0,0,2.343,0l-0.044-7.611c1.294-.179,2.544-0.4,3.727-0.6,0.179,0.38.335,0.781,0.491,1.183a1.03,1.03,0,0,0,.96.759,1.186,1.186,0,0,0,1.16-1.183c0-.848-1.629-2.879-2.968-4.219a0.862,0.862,0,0,0-.625-0.267,0.685,0.685,0,0,0-.737.647,0.884,0.884,0,0,0,.2.513,10.971,10.971,0,0,1,.893,1.362c-1.853.178-3.794,0.312-5.736,0.379a41.882,41.882,0,0,0,6.227-4.955,1.117,1.117,0,0,0,.4-0.826,1.271,1.271,0,0,0-1.3-1.116,1.163,1.163,0,0,0-.937.491,32.691,32.691,0,0,1-6.451,6.451c-0.848.022-1.674,0.022-2.477,0.022h-0.023a0.978,0.978,0,0,0-1.116.982,1.183,1.183,0,0,0,1.317,1.138c1.563-.133,3.17-0.29,4.732-0.468Zm-9.643-.022a1.072,1.072,0,0,0,1.094,1.116,1.083,1.083,0,0,0,1.116-1.139V580.481a19.86,19.86,0,0,0,1.652-4.174,1.2,1.2,0,0,0-1.295-1.116,1.118,1.118,0,0,0-1.138.8c-0.849,3.058-1.987,6.406-3.839,8.727a0.842,0.842,0,0,0,.558,1.384c0.334,0,.624-0.134,1.964-2.053l-0.112,10.981v0.023Zm4.219,0.357c1.16,0,4.107-4.353,4.107-5.379a1.189,1.189,0,0,0-1.228-1.117,1.113,1.113,0,0,0-1.071.8,13.943,13.943,0,0,1-2.322,4.308,1,1,0,0,0-.245.6A0.772,0.772,0,0,0,653.641,595.414Zm27.877-11.071c-0.045,0-.067,0-0.067-0.022a0.094,0.094,0,0,1,.067-0.09c1.652-.937,5.089-3.169,6.562-4.084a1.723,1.723,0,0,0,.893-1.429,1.791,1.791,0,0,0-2.031-1.607h-0.09c-3.3.089-6.9,0.246-10.021,0.246a0.849,0.849,0,1,0,.022,1.7c1.942,0,6.183-.2,8.415-0.291h0.044c0.268,0,.38.112,0.38,0.246a0.464,0.464,0,0,1-.2.313,110.63,110.63,0,0,1-11.227,7.165,1.356,1.356,0,0,0-.848,1.182,1.163,1.163,0,0,0,1.16,1.139,1.556,1.556,0,0,0,.871-0.29c2.857-2.009,5.245-3.058,8.013-3.058,3.459,0,5.357,1.339,5.357,3.683,0,2.678-2.322,4.062-4.621,4.553a5.1,5.1,0,0,0-5-4.531c-2.612,0-3.706,1.451-3.706,2.768,0,2.1,2.746,3.727,6.83,3.727,5.335,0,9.04-2.433,9.04-6.384,0-3.169-2.634-5.178-7.477-5.178a11.972,11.972,0,0,0-2.3.246h-0.067Zm0.826,9.553c-2.5,0-5.112-.737-5.112-2.076,0-.67.648-1.339,1.875-1.339A3.528,3.528,0,0,1,682.344,593.9Zm33.167-.625a1.1,1.1,0,0,1-1.362,1.094,6.538,6.538,0,0,1-1.785-.291,0.775,0.775,0,0,0-.224-0.022,0.641,0.641,0,0,0-.625.692,0.774,0.774,0,0,0,.514.737,8.672,8.672,0,0,0,2.924.6c1.54,0,2.678-.692,2.678-2.477v-6.763c0-1.317-.826-1.987-2.209-1.987h-7.589a1.861,1.861,0,0,0-2.121,1.987v8.236a1.056,1.056,0,0,0,1.049,1.138,1.044,1.044,0,0,0,1.049-1.138v-2.991h7.7v1.183Zm2.7-9.531a0.7,0.7,0,1,0,0-1.406h-5.6v-1.473h4.665a0.671,0.671,0,1,0,0-1.339h-4.665v-1.34h5.2a0.68,0.68,0,0,0,.736-0.692,0.691,0.691,0,0,0-.736-0.692h-5.2v-0.6a1.083,1.083,0,0,0-2.165,0v0.6h-4.8a0.673,0.673,0,0,0-.714.692,0.685,0.685,0,0,0,.714.692h4.8v1.34h-4.129a0.67,0.67,0,1,0,0,1.339h4.129v1.473h-5.111a0.863,0.863,0,0,0,.312-0.647,11.6,11.6,0,0,0-1.2-2.9,0.632,0.632,0,0,0-.536-0.335,0.559,0.559,0,0,0-.558.581,0.7,0.7,0,0,0,.045.29,15.84,15.84,0,0,1,.6,2.589,0.694,0.694,0,0,0,.691.669H704.8a0.77,0.77,0,0,0-.179.469,0.687,0.687,0,0,0,.759.692h12.835Zm-17.388,11.294a1.074,1.074,0,1,0,2.143,0V576.307a1.072,1.072,0,1,0-2.143,0v18.727Zm14.687-4.263h-7.7v-1.607h7.7v1.607Zm0-2.924h-7.7V586.91a0.658,0.658,0,0,1,.67-0.67H714.8a0.683,0.683,0,0,1,.714.67v0.937Zm-16.718-1.518a0.964,0.964,0,0,0,.937-0.937,53.669,53.669,0,0,0,.38-5.692,0.674,0.674,0,0,0-.692-0.669,0.691,0.691,0,0,0-.714.669,32.742,32.742,0,0,1-.8,5.29,2.274,2.274,0,0,0-.045.357A0.939,0.939,0,0,0,698.793,586.329Zm36.18,8.75a1.05,1.05,0,0,0,1.049,1.116,1.037,1.037,0,0,0,1.049-1.116V584.923H737.9a17.877,17.877,0,0,0,2.031,7.455,12.848,12.848,0,0,1-2.366,2.612,0.66,0.66,0,0,0-.267.535,0.628,0.628,0,0,0,.647.625,0.893,0.893,0,0,0,.536-0.2,14.158,14.158,0,0,0,2.41-2.142c0.156,0.2,1.7,2.187,2.679,2.187a1.187,1.187,0,0,0,1.138-1.205,1.2,1.2,0,0,0-.625-1.049,10.277,10.277,0,0,1-1.987-1.563,16.19,16.19,0,0,0,2.076-6.941,1.656,1.656,0,0,0-1.942-1.719h-5.156V577.87a0.562,0.562,0,0,1,.648-0.648h3.7c0.58,0,.58.514,0.58,0.938,0,2.054-.424,2.656-1.518,2.656a5.847,5.847,0,0,1-1.517-.268,1.178,1.178,0,0,0-.246-0.044,0.614,0.614,0,0,0-.625.647,0.707,0.707,0,0,0,.491.692,8.167,8.167,0,0,0,2.634.513c2.723,0,2.924-2.3,2.924-4.754,0-1.116-.714-1.785-2.1-1.785H736.96a1.812,1.812,0,0,0-1.987,2.03v17.232Zm-1.2-12.767a0.69,0.69,0,1,0,0-1.362h-3.482v-2.143H733.1a0.735,0.735,0,0,0,.826-0.692,0.722,0.722,0,0,0-.826-0.691h-2.812V576.24a1.105,1.105,0,0,0-2.21,0v1.184h-3.125a0.734,0.734,0,0,0-.825.691,0.748,0.748,0,0,0,.825.692h3.125v2.143h-3.683a0.687,0.687,0,1,0,0,1.362h9.375Zm-0.38,9.106a0.735,0.735,0,0,0,.826-0.692,0.722,0.722,0,0,0-.826-0.691h-3.124v-2.367H733.7a0.69,0.69,0,1,0,0-1.361h-2.21a10.015,10.015,0,0,0,1.5-2.7,1.118,1.118,0,0,0-1.183-1,0.942,0.942,0,0,0-.96.759,20.7,20.7,0,0,1-.982,2.946h-1.875a1.031,1.031,0,0,0,.379-0.8c0-.781-1.339-2.343-1.5-2.522a0.818,0.818,0,0,0-.6-0.29,0.654,0.654,0,0,0-.692.625,0.781,0.781,0,0,0,.067.29,11.629,11.629,0,0,1,.737,2.143,1.185,1.185,0,0,0,.268.558h-2.076a0.693,0.693,0,1,0,0,1.361h3.5v2.367H724.75a0.734,0.734,0,0,0-.825.691,0.722,0.722,0,0,0,.825.692h3.326v3.594a1.09,1.09,0,0,0,1.094,1.183,1.079,1.079,0,0,0,1.094-1.183v-3.594h3.124Zm8.147-6.5a0.476,0.476,0,0,1,.491.58,15.751,15.751,0,0,1-1.138,5.134,13.65,13.65,0,0,1-1.674-5.714h2.321Zm28.458,6.517a0.763,0.763,0,0,0-.759-0.8,0.787,0.787,0,0,0-.759.737c-0.245,1.674-.469,2.477-3.013,2.477-1.205,0-1.853-.067-1.853-1.161v-3.526h5.2a0.76,0.76,0,1,0,0-1.518h-5.2v-3.3h0.915a0.813,0.813,0,0,0,.826-0.491c1.295,1.094,3.214,2.366,3.951,2.366a1.222,1.222,0,0,0,1.2-1.25,1.145,1.145,0,0,0-.8-1.116,14.859,14.859,0,0,1-3.75-2.031,21.319,21.319,0,0,0,3.437-2.166,0.971,0.971,0,0,0,.4-0.781,1.148,1.148,0,0,0-1.138-1.071,1.193,1.193,0,0,0-.938.491,15.567,15.567,0,0,1-2.9,2.589,15.91,15.91,0,0,1-1.362-1.384c3.37-1.964,3.482-2.678,3.482-2.968a1.166,1.166,0,0,0-1.161-1.049,1,1,0,0,0-.87.491,11.523,11.523,0,0,1-2.3,2.455,18.29,18.29,0,0,1-1.7-2.79,0.733,0.733,0,0,0-.691-0.424,0.621,0.621,0,0,0-.67.625,19.241,19.241,0,0,0,4.71,7.03h-8.214c0.915-.915,3.437-3.928,3.437-5.066a1.634,1.634,0,0,0-1.786-1.5H752.2a0.8,0.8,0,0,0-.916.715,0.809,0.809,0,0,0,.938.736H756.6a0.354,0.354,0,0,1,.424.313c0,0.111-1.183,3.794-7.053,7.365a0.91,0.91,0,0,0-.492.737,0.725,0.725,0,0,0,.737.715,1.078,1.078,0,0,0,.491-0.135,21.089,21.089,0,0,0,4.085-2.745,0.835,0.835,0,0,0,.736.335h0.447c0,0.893,0,1.942-.023,2.656a6.145,6.145,0,0,1-.022.647h-4.866a0.766,0.766,0,1,0,0,1.518h4.71c-0.469,3.058-2.054,4.353-5.156,5.491a0.8,0.8,0,0,0-.6.736,0.772,0.772,0,0,0,.781.759s4.576-.848,6.451-4.218a7.919,7.919,0,0,0,.848-2.768h3.259v3.861c0,2.634,1.674,2.813,3.772,2.813,3.37,0,4.576-.469,4.866-4.308v-0.09Zm-8.638-3.794h-3.1a4.164,4.164,0,0,0,.023-0.535c0.044-.759.044-1.831,0.044-2.768h3.036v3.3ZM753.409,582a1.214,1.214,0,0,0,1.138-1.183,1.194,1.194,0,0,0-.536-0.959,8.607,8.607,0,0,0-2.857-1.5,0.676,0.676,0,0,0-.446,1.228,12.311,12.311,0,0,1,2.009,2.031A0.851,0.851,0,0,0,753.409,582Zm40.242-4.33a0.728,0.728,0,1,0,0-1.451H783.63a0.729,0.729,0,1,0,0,1.451h10.021Zm1.853,3.08a0.746,0.746,0,0,0,.8-0.737,0.734,0.734,0,0,0-.8-0.736H781.889a0.774,0.774,0,0,0-.849.736,0.762,0.762,0,0,0,.849.737H795.5Zm-1.228,3.08a0.705,0.705,0,1,0,0-1.406H783.139a0.707,0.707,0,1,0,0,1.406h11.137Zm0,3.1a0.7,0.7,0,0,0,.759-0.692,0.687,0.687,0,0,0-.759-0.692H783.139a0.727,0.727,0,0,0-.8.692,0.715,0.715,0,0,0,.8.692h11.137Zm-1.316,8.727a1.88,1.88,0,0,0,2.142-2.031v-2.9a1.878,1.878,0,0,0-2.142-1.986h-8.527a1.878,1.878,0,0,0-2.143,1.986v2.9a1.88,1.88,0,0,0,2.143,2.031h8.527ZM777.8,595.1a1.105,1.105,0,1,0,2.21-.022V580.37a21.137,21.137,0,0,0,1.763-4.085,1.223,1.223,0,0,0-1.3-1.138,1.175,1.175,0,0,0-1.16.848,31.266,31.266,0,0,1-4.129,8.883,1.071,1.071,0,0,0-.2.581,0.7,0.7,0,0,0,.714.714c0.312,0,.513-0.022,2.21-2.366L777.8,595.079V595.1Zm15.066-1.674a0.7,0.7,0,0,1-.8.759h-6.741a0.746,0.746,0,0,1-.826-0.759v-2.544a0.731,0.731,0,0,1,.8-0.715h6.763a0.712,0.712,0,0,1,.8.737v2.522Zm28.1-6.741a0.752,0.752,0,0,0,.825-0.736,0.741,0.741,0,0,0-.825-0.737h-8.46v-1.9h6.741a0.741,0.741,0,0,0,.826-0.737,0.753,0.753,0,0,0-.826-0.736h-6.741v-0.424a1.125,1.125,0,0,0-.714-1.072h0.089c0.692,0,1.942-1.406,2.522-2.165h1.072a13.11,13.11,0,0,1,1.16,2.3,1.017,1.017,0,0,0,.983.715,1.063,1.063,0,0,0,1.093-1,3.5,3.5,0,0,0-1.518-2.009h3.862a0.687,0.687,0,1,0,0-1.361h-5.692l0.067-.156a1.162,1.162,0,0,0,.179-0.558,1.146,1.146,0,0,0-1.228-.982,1.079,1.079,0,0,0-1.071.758,10.123,10.123,0,0,1-1.853,3.326,0.848,0.848,0,0,0-.223.536,0.58,0.58,0,0,0,.312.536,0.666,0.666,0,0,0-.2-0.023,1.094,1.094,0,0,0-1.139,1.161v0.424h-6.205a0.77,0.77,0,0,0-.826.759,0.738,0.738,0,0,0,.826.714h6.205v1.9h-8.1a0.77,0.77,0,0,0-.826.759,0.738,0.738,0,0,0,.826.714h18.861Zm-0.157,3.438a0.734,0.734,0,1,0,0-1.451h-3.147v-0.536a1.172,1.172,0,0,0-2.343,0v0.536H802.311a0.732,0.732,0,1,0,0,1.451h13.013v2.7c0,1-.6,1.472-1.853,1.472a10.476,10.476,0,0,1-2.321-.334,0.978,0.978,0,0,0-.246-0.023,0.7,0.7,0,0,0-.736.715,0.917,0.917,0,0,0,.714.848,11.287,11.287,0,0,0,3.482.67c2.143,0,3.3-1.072,3.3-2.969v-3.08h3.147Zm-9.865-11.942a0.693,0.693,0,1,0,0-1.361h-4.33l0.022-.089a1.047,1.047,0,0,0-1.049-1.585,1.151,1.151,0,0,0-1.116.758,12.322,12.322,0,0,1-3.1,4.8,0.741,0.741,0,0,0-.245.536,0.629,0.629,0,0,0,.647.625c0.536,0,2.433-1.428,4-3.683h0.514a13.058,13.058,0,0,1,.937,2.3,0.952,0.952,0,0,0,.938.759,1.106,1.106,0,0,0,1.116-1.049c0-.156-0.023-0.714-1.317-2.009h2.991Zm-2.232,16.2a1.178,1.178,0,0,0,1.116-1.183,1.2,1.2,0,0,0-.692-1.049,15.088,15.088,0,0,0-3.973-1.719,0.736,0.736,0,0,0-.781.714,0.747,0.747,0,0,0,.4.625,21.99,21.99,0,0,1,3.081,2.255A1.329,1.329,0,0,0,808.717,594.387Zm38.256,1.183a0.719,0.719,0,1,0,0-1.428h-4v-3.8h3.258a0.719,0.719,0,1,0,0-1.429h-3.258v-3.325h3.258a0.746,0.746,0,0,0,.8-0.737,0.73,0.73,0,0,0-.8-0.714h-3.258v-3.214h3.772a0.727,0.727,0,1,0,0-1.451h-4.174c0.4-.513,1.808-2.41,1.808-3.125a1.174,1.174,0,0,0-1.25-1.071,1.117,1.117,0,0,0-1.116.937,16.713,16.713,0,0,1-1.139,3.259h-2.9a12.668,12.668,0,0,0,1.361-3.17,1.21,1.21,0,0,0-1.25-1.138,1.1,1.1,0,0,0-1.093.848,21,21,0,0,1-3.415,7.21,1,1,0,0,0-.2.558,0.643,0.643,0,0,0,.647.625c0.313,0,.58-0.156,1.406-1.183l-0.067,10.111a2.033,2.033,0,0,0,2.3,2.232h9.308Zm-17.008-2.21a0.9,0.9,0,0,1-1.049.982,4.143,4.143,0,0,1-1.072-.178,1.167,1.167,0,0,0-.245-0.045,0.667,0.667,0,0,0-.692.692,0.839,0.839,0,0,0,.558.781,6.339,6.339,0,0,0,2.3.514,2.138,2.138,0,0,0,2.388-2.3v-6.3c2.679-1.2,2.9-1.384,2.9-1.874a0.677,0.677,0,0,0-.692-0.67,1.1,1.1,0,0,0-.357.067c-0.536.2-1.161,0.424-1.853,0.647v-4.91h1.875a0.744,0.744,0,0,0,.781-0.76,0.723,0.723,0,0,0-.781-0.714h-1.875v-3.035a1.071,1.071,0,0,0-1.116-1.094,1.035,1.035,0,0,0-1.071,1.094V579.3h-2.3a0.754,0.754,0,0,0-.826.737,0.767,0.767,0,0,0,.826.737h2.3v5.557c-0.781.2-1.563,0.38-2.277,0.536a1.087,1.087,0,0,0-.937,1.094,1.147,1.147,0,0,0,1.116,1.183,1.353,1.353,0,0,0,.491-0.09q0.77-.267,1.607-0.6v4.91Zm10.914-9.218h-3.437v-3.214h3.437v3.214Zm0,4.776h-3.437v-3.325h3.437v3.325Zm0,5.224H838.29a0.759,0.759,0,0,1-.848-0.826v-2.969h3.437v3.8Zm31.226-2.545a0.729,0.729,0,1,0,0-1.451h-4.174V587.4h3.459a0.7,0.7,0,0,0,.759-0.692,0.687,0.687,0,0,0-.759-0.692h-3.459v-2.478h3.415a0.706,0.706,0,0,0,.781-0.692,0.7,0.7,0,0,0-.781-0.692h-3.415v-2.321H871.9a0.709,0.709,0,1,0,0-1.406h-4.42a4.724,4.724,0,0,0,1.451-2.21,1.194,1.194,0,0,0-1.272-1,1.074,1.074,0,0,0-1.116.915,12.766,12.766,0,0,1-.781,2.3h-2.947a5.257,5.257,0,0,0,.893-2.143,1.176,1.176,0,0,0-1.25-1.094,1.2,1.2,0,0,0-1.183.916,21.365,21.365,0,0,1-3.437,6.785,0.9,0.9,0,0,0-.223.558,0.7,0.7,0,0,0,.714.669c0.4,0,.692-0.334,1.808-1.7L860.1,589.61c0,1.317.938,1.987,2.411,1.987h9.6Zm0.156,1.674c-2.857.246-5.96,0.335-8.058,0.335-2.879,0-4.91-.156-6.294-2.277V585.95a1.487,1.487,0,0,0-1.719-1.652h-2.544a0.76,0.76,0,1,0,0,1.5h1.607a0.482,0.482,0,0,1,.491.535v5.6a15.976,15.976,0,0,1-2.478,1.718,1.266,1.266,0,0,0-.736,1.094,1.36,1.36,0,0,0,1.294,1.317c0.357,0,1.094-.156,3.482-3.459,1.964,3.012,4.442,3.08,9.308,3.08,1.741,0,3.7-.045,5.625-0.112a1.314,1.314,0,0,0,1.339-1.273,1.029,1.029,0,0,0-1.139-1.026h-0.178Zm-15.49-12.12a1.325,1.325,0,0,0,1.294-1.294,1.5,1.5,0,0,0-.446-1.027c-0.8-.871-2.656-2.679-3.393-2.679a0.754,0.754,0,0,0-.781.737,0.878,0.878,0,0,0,.245.6,18.23,18.23,0,0,1,2.009,2.924A1.2,1.2,0,0,0,856.771,581.151Zm9.106,9h-2.9a0.679,0.679,0,0,1-.782-0.714V587.4h3.683v2.745Zm0-4.129h-3.683v-2.478h3.683v2.478Zm0-3.862h-3.683v-2.321h3.683v2.321Zm32.81,7.165a0.727,0.727,0,1,0,0-1.451H897.5v-0.714c0-1.2-.714-2.053-2.388-2.053h-5.4v-1.273h5.692c1.339,0,2.054-.513,2.054-1.607v-1.048c0-1.117-.737-1.585-2.054-1.585h-5.692v-1.184h8.571a0.683,0.683,0,1,0,0-1.361h-8.571v-0.759a1.127,1.127,0,1,0-2.254,0v0.759h-8.1a0.712,0.712,0,0,0-.759.692,0.682,0.682,0,0,0,.759.669h8.1v1.184h-5.29c-1.339,0-2.031.513-2.031,1.585v1.048c0,1.139.714,1.607,2.031,1.607h5.29V585.1h-6.852a0.678,0.678,0,1,0,0,1.339h6.852v1.473h-8.348a0.719,0.719,0,0,0-.781.692,0.7,0.7,0,0,0,.781.669h8.348v1.585h-7.053a0.668,0.668,0,0,0-.714.67,0.7,0.7,0,0,0,.758.692h7.009v0.647a1.3,1.3,0,0,1-1.562,1.473,9.122,9.122,0,0,1-2.054-.29,1.01,1.01,0,0,0-.245-0.022,0.713,0.713,0,0,0-.759.692,0.788,0.788,0,0,0,.558.737,9.1,9.1,0,0,0,3.214.669c1.942,0,3.1-.96,3.1-2.545v-1.361h5.38c1.7,0,2.41-.826,2.41-2.143V589.32h1.183Zm-3.415-7.209c0,0.335-.268.491-0.759,0.491h-4.8v-1.763h4.8c0.491,0,.759.133,0.759,0.49v0.782Zm-0.022,5.8h-5.536v-1.473h4.621a0.738,0.738,0,0,1,.915.692v0.781Zm-7.79-5.312h-4.375c-0.491,0-.759-0.156-0.759-0.491v-0.782c0-.357.291-0.49,0.759-0.49h4.375V582.6Zm7.79,7.566c0,0.447-.29.692-0.938,0.692h-4.6v-1.585h5.536v0.893ZM920.4,579.187c0.312-.29,2.165-2.054,2.165-2.768a1.3,1.3,0,0,0-1.339-1.071,0.9,0.9,0,0,0-.915.625,13.5,13.5,0,0,1-1.206,2.41,0.605,0.605,0,0,0-.111.357,0.753,0.753,0,0,0,.8.692A0.951,0.951,0,0,0,920.4,579.187Zm-10.223-.96a1.061,1.061,0,0,0-.312-0.714c-1.63-1.763-2.188-1.808-2.389-1.808a0.785,0.785,0,0,0-.848.714,0.756,0.756,0,0,0,.2.513,10.814,10.814,0,0,1,1.272,1.942,0.874,0.874,0,0,0,.826.536A1.282,1.282,0,0,0,910.181,578.227ZM924.087,590.1a0.723,0.723,0,0,0,.781-0.715,0.7,0.7,0,0,0-.781-0.669h-8.46v-1.473h7.21a0.676,0.676,0,0,0,.781-0.648,0.711,0.711,0,0,0-.8-0.669h-7.188v-1.407h7.612a0.687,0.687,0,1,0,0-1.361H918.35c1.295-.982,1.384-1.25,1.384-1.5a0.97,0.97,0,0,0-.692-0.781h5.246a0.719,0.719,0,0,0,.781-0.692,0.707,0.707,0,0,0-.781-0.692H917.77v-3.325a1.106,1.106,0,0,0-2.21,0V579.5h-1.941v-3.325a1.106,1.106,0,0,0-2.21,0V579.5h-6.518a0.7,0.7,0,0,0-.759.692,0.687,0.687,0,0,0,.759.692h4.665a0.55,0.55,0,0,0-.2.424,0.505,0.505,0,0,0,.112.335,15.2,15.2,0,0,1,1.027,1.518H905.94a0.685,0.685,0,1,0,0,1.361h7.433v1.407H906.32a0.668,0.668,0,1,0,0,1.317h7.053v1.473h-8.258a0.72,0.72,0,0,0-.782.692,0.707,0.707,0,0,0,.782.692h6.74a19.078,19.078,0,0,1-7.254,4.084,0.608,0.608,0,0,0-.446.6,0.633,0.633,0,0,0,.647.647,26.133,26.133,0,0,0,4.866-1.674,15.086,15.086,0,0,0,3.817-2.634c-0.045.67-.112,1.451-0.112,1.92v2.009a1.127,1.127,0,1,0,2.254,0v-2.076c0-.581-0.067-1.451-0.111-2.121a16.59,16.59,0,0,0,8.437,4.375,1.221,1.221,0,0,0,1.205-1.25,0.988,0.988,0,0,0-.893-1.026,18.962,18.962,0,0,1-8.08-2.857h7.9Zm-6.25-9.219a0.791,0.791,0,0,0-.357.357,11.872,11.872,0,0,1-1.138,1.92h-4.063a0.828,0.828,0,0,0,.179-0.491c0-.447-0.357-0.8-1.741-1.786h7.12Zm17.074,15.356a2.422,2.422,0,0,0,2.679-2.566V577.067a1.937,1.937,0,0,0-3.817,0v15.289a0.384,0.384,0,0,1-.446.424h-2.121a1.752,1.752,0,0,0,0,3.459h3.7Zm1.473-2.812a1.446,1.446,0,0,1-1.718,1.652h-3.281a0.533,0.533,0,0,1-.536-0.558,0.54,0.54,0,0,1,.536-0.581h2.522a0.93,0.93,0,0,0,1.071-1.048V577.245a0.624,0.624,0,0,1,.714-0.558,0.615,0.615,0,0,1,.692.558v16.182Z" transform="translate(-342 -575)"/>
    <path id="Information_site_for" data-name="Information site for" class="cls-2" d="M342.335,692.782c0,3.363-.052,4.238-0.172,6.108a4.474,4.474,0,0,1,.91-0.1,6.857,6.857,0,0,1,1.064.1c-0.052-1.287-.121-2.66-0.121-5.748,0-2.042.035-4.084,0.138-6.126a3.742,3.742,0,0,1-1,.1,3.315,3.315,0,0,1-.943-0.1C342.335,690.156,342.335,690.311,342.335,692.782Zm4.962,1.39c0,2.574-.086,3.672-0.172,4.718a4.2,4.2,0,0,1,.91-0.1,4.055,4.055,0,0,1,.909.1c-0.051-.635-0.137-1.51-0.137-2.848a11.563,11.563,0,0,1,.309-3.346,2.2,2.2,0,0,1,2.042-1.184c1.9,0,1.99,1.63,1.99,3.346,0,0.309,0,2.2-.154,4.032a3.089,3.089,0,0,1,.909-0.1,2.837,2.837,0,0,1,.875.1c-0.034-.257-0.051-1.458-0.051-1.784,0-.584.069-3.484,0.069-3.655,0-.978-0.138-2.986-2.952-2.986a3.3,3.3,0,0,0-3.02,1.682c0.017-.241.069-1.373,0.086-1.631a4.3,4.3,0,0,1-.841.1,4.649,4.649,0,0,1-.858-0.1C347.245,691.718,347.3,693.039,347.3,694.172Zm14.728-7.928a1.647,1.647,0,0,0-.463-0.052c-1.63,0-3.26,1.974-3.329,4.633-0.48,0-.978-0.017-1.458-0.034a3.745,3.745,0,0,1,.034.395,2.843,2.843,0,0,1-.034.36c0.48-.017.961-0.034,1.441-0.034,0.034,1.1.052,2.076,0.052,2.831,0,1.253-.052,3.346-0.172,4.547a6.372,6.372,0,0,1,.927-0.1,5.855,5.855,0,0,1,.909.1c-0.12-1.184-.12-3.826-0.12-4.581l-0.017-2.8c0.6,0,1.2.017,1.8,0.034a1.919,1.919,0,0,1-.034-0.326c0-.1.017-0.24,0.034-0.429-0.617.017-1.218,0.034-1.836,0.034a9.2,9.2,0,0,1-.223-1.767,1.279,1.279,0,0,1,1.287-1.527,2.737,2.737,0,0,1,.978.206l0.12-.069Zm4.894,4.2a4.093,4.093,0,0,0-4.359,4.341c0,3.518,2.54,4.342,4.359,4.342a4.238,4.238,0,0,0,4.5-4.445C371.415,692.593,370.179,690.448,366.919,690.448Zm0.1,0.686c2.231,0,2.642,2.283,2.642,3.621,0,2.265-1.081,3.689-2.728,3.689-1.579,0-2.625-1.321-2.625-3.706C364.311,694.223,364.311,691.134,367.022,691.134Zm11.52,0.927a3.2,3.2,0,0,1-.035-0.481,3.984,3.984,0,0,1,.155-1.115,2.974,2.974,0,0,0-3.106,1.99,12.887,12.887,0,0,1,.137-1.939,3.2,3.2,0,0,1-.875.1,3.113,3.113,0,0,1-.875-0.1c0.069,1.116.137,2.06,0.137,4a31.578,31.578,0,0,1-.189,4.375,2.874,2.874,0,0,1,.858-0.1,3.222,3.222,0,0,1,.927.1c-0.017-.531-0.017-0.652-0.086-1.853-0.017-.36-0.017-0.944-0.017-1.115,0-2.111.034-2.488,0.275-3.02a1.9,1.9,0,0,1,1.681-.978,1.6,1.6,0,0,1,.892.223Zm5.958-.583a1.587,1.587,0,0,1,1.527.84,10.764,10.764,0,0,1,.292,2.9c0,1.2-.035,2.574-0.138,3.672a2.51,2.51,0,0,1,.858-0.1,3.143,3.143,0,0,1,.927.1c-0.069-1.355-.137-2.968-0.137-4.272,0-1.1.086-3.14,2.076-3.14a1.547,1.547,0,0,1,1.407.72c0.275,0.463.343,0.755,0.343,3.02a33.981,33.981,0,0,1-.154,3.672,3.735,3.735,0,0,1,.875-0.1,4.65,4.65,0,0,1,.909.1c-0.051-.978-0.1-1.956-0.1-2.951,0-.446.034-2.711,0.034-2.883a2.573,2.573,0,0,0-.515-1.7,2.937,2.937,0,0,0-2.214-.892,3.238,3.238,0,0,0-2.831,1.545,2.511,2.511,0,0,0-2.557-1.545,2.976,2.976,0,0,0-2.642,1.545,10.765,10.765,0,0,1,.1-1.494,6.04,6.04,0,0,1-.875.1,5.267,5.267,0,0,1-.841-0.1c0.1,2.832.12,3.141,0.12,4.393,0,1.15-.017,1.442-0.1,3.981a4.5,4.5,0,0,1,.892-0.1,4.374,4.374,0,0,1,.893.1,32.494,32.494,0,0,1-.155-3.4c0-1.751.035-2.523,0.464-3.175A1.7,1.7,0,0,1,384.5,691.478Zm12.449,1.132a1.9,1.9,0,0,1,1.956-1.27,1.788,1.788,0,0,1,1.922,1.87,0.713,0.713,0,0,1-.635.824l-1.493.326c-1.39.309-2.848,0.635-2.848,2.454a2.223,2.223,0,0,0,2.368,2.282,3.354,3.354,0,0,0,2.591-1.2,1.328,1.328,0,0,0,1.3,1.115,2.678,2.678,0,0,0,1.236-.377l-0.018-.481a1.07,1.07,0,0,1-.429.086c-0.635,0-.635-0.5-0.635-2.008,0-.446.069-2.59,0.069-3.088a2.37,2.37,0,0,0-.7-1.922,3.388,3.388,0,0,0-2.3-.772,4.167,4.167,0,0,0-2.78,1.047l-0.068,1.115h0.463Zm3.844,3.878a1.786,1.786,0,0,1-1.819,1.63,1.368,1.368,0,0,1-1.459-1.441c0-.927.326-1.63,3.278-2.077v1.888Zm5.032-2.282c-0.034,1.613-.034,1.922-0.034,2.2a3.007,3.007,0,0,0,.24,1.613,2.037,2.037,0,0,0,1.836,1.03,3.462,3.462,0,0,0,1.459-.326,1.144,1.144,0,0,1,0-.481c-0.223.035-.635,0.1-0.789,0.1-0.979,0-1.2-.755-1.2-2.144,0-1.562.018-3.141,0.086-4.7,0.7,0,1.424.034,1.853,0.051a2.485,2.485,0,0,1-.034-0.412,2.937,2.937,0,0,1,.034-0.429c-0.583.052-1.218,0.086-1.853,0.086,0.035-1.133.035-1.27,0.12-2.694a7.812,7.812,0,0,1-1.75.789c0.034,0.893.034,1.3,0.034,1.905-0.326,0-.6-0.017-0.823-0.034s-0.412-.035-0.549-0.052a3.151,3.151,0,0,1,.034.429,2.722,2.722,0,0,1-.034.429c0.72-.051.823-0.068,1.372-0.068v2.711Zm5.288,0.326c0,1.338-.051,3.054-0.12,4.358a2.82,2.82,0,0,1,.893-0.1,2.452,2.452,0,0,1,.84.1c-0.1-2.711-.12-3-0.12-3.792,0-2.8.052-3.569,0.1-4.513a3.164,3.164,0,0,1-.892.1,2.712,2.712,0,0,1-.841-0.1C411.045,691.478,411.113,692.576,411.113,694.532Zm1.716-6.761a0.935,0.935,0,1,0-.943.927A0.941,0.941,0,0,0,412.829,687.771Zm7.245,2.677a4.093,4.093,0,0,0-4.359,4.341c0,3.518,2.54,4.342,4.359,4.342a4.237,4.237,0,0,0,4.5-4.445C424.569,692.593,423.334,690.448,420.074,690.448Zm0.1,0.686c2.23,0,2.642,2.283,2.642,3.621,0,2.265-1.081,3.689-2.728,3.689-1.579,0-2.626-1.321-2.626-3.706C417.465,694.223,417.465,691.134,420.177,691.134Zm6.852,3.038c0,2.574-.086,3.672-0.172,4.718a4.2,4.2,0,0,1,.91-0.1,4.047,4.047,0,0,1,.909.1c-0.051-.635-0.137-1.51-0.137-2.848a11.563,11.563,0,0,1,.309-3.346,2.2,2.2,0,0,1,2.042-1.184c1.905,0,1.99,1.63,1.99,3.346,0,0.309,0,2.2-.154,4.032a3.089,3.089,0,0,1,.909-0.1,2.848,2.848,0,0,1,.876.1c-0.035-.257-0.052-1.458-0.052-1.784,0-.584.069-3.484,0.069-3.655,0-.978-0.138-2.986-2.952-2.986a3.3,3.3,0,0,0-3.02,1.682c0.017-.241.069-1.373,0.086-1.631a4.3,4.3,0,0,1-.841.1,4.649,4.649,0,0,1-.858-0.1C426.978,691.718,427.029,693.039,427.029,694.172Zm20.377-1.717a4.972,4.972,0,0,1,.343-1.441,4.478,4.478,0,0,0-2.265-.566c-2.368,0-2.968,1.579-2.968,2.557a2.406,2.406,0,0,0,1.956,2.282c1.8,0.583,2.385.772,2.385,1.75a1.5,1.5,0,0,1-1.733,1.407,2.394,2.394,0,0,1-1.253-.326,2.054,2.054,0,0,1-.926-1.132l-0.206.051a5.243,5.243,0,0,1-.395,1.373,4.65,4.65,0,0,0,2.54.721c2.385,0,3.294-1.459,3.294-2.763,0-1.716-1.235-2.042-2.762-2.437a1.777,1.777,0,0,1-1.613-1.51,1.356,1.356,0,0,1,1.6-1.287,1.98,1.98,0,0,1,1.116.292,1.616,1.616,0,0,1,.669,1.029h0.223Zm2.852,2.077c0,1.338-.051,3.054-0.12,4.358a2.82,2.82,0,0,1,.893-0.1,2.452,2.452,0,0,1,.84.1c-0.1-2.711-.12-3-0.12-3.792,0-2.8.052-3.569,0.1-4.513a3.164,3.164,0,0,1-.892.1,2.712,2.712,0,0,1-.841-0.1C450.19,691.478,450.258,692.576,450.258,694.532Zm1.716-6.761a0.935,0.935,0,1,0-.943.927A0.941,0.941,0,0,0,451.974,687.771Zm3.847,6.435c-0.034,1.613-.034,1.922-0.034,2.2a3.007,3.007,0,0,0,.24,1.613,2.037,2.037,0,0,0,1.836,1.03,3.462,3.462,0,0,0,1.459-.326,1.112,1.112,0,0,1,0-.481c-0.223.035-.635,0.1-0.79,0.1-0.978,0-1.2-.755-1.2-2.144,0-1.562.017-3.141,0.086-4.7,0.7,0,1.424.034,1.853,0.051a2.485,2.485,0,0,1-.034-0.412,2.937,2.937,0,0,1,.034-0.429c-0.583.052-1.218,0.086-1.853,0.086,0.034-1.133.034-1.27,0.12-2.694a7.832,7.832,0,0,1-1.75.789c0.034,0.893.034,1.3,0.034,1.905-0.326,0-.6-0.017-0.824-0.034s-0.411-.035-0.549-0.052a3.141,3.141,0,0,1,.035.429,2.7,2.7,0,0,1-.035.429c0.721-.051.824-0.068,1.373-0.068v2.711Zm12.358,0.515c0.017-.927.068-4.256-3.758-4.256-2.814,0-4.118,1.99-4.118,4.358a3.935,3.935,0,0,0,4.2,4.29A4.42,4.42,0,0,0,467.7,698a5.8,5.8,0,0,1,.121-1.029l-0.206-.052a3.2,3.2,0,0,1-2.729,1.39,2.624,2.624,0,0,1-2.4-1.338,4.492,4.492,0,0,1-.463-2.248h6.16ZM462.036,694c0.154-1.716.875-2.849,2.368-2.849,2.059,0,2.059,2.283,2.059,2.849h-4.427Zm19.141-7.756a1.647,1.647,0,0,0-.463-0.052c-1.63,0-3.26,1.974-3.329,4.633-0.48,0-.978-0.017-1.458-0.034a3.745,3.745,0,0,1,.034.395,2.843,2.843,0,0,1-.034.36c0.48-.017.96-0.034,1.441-0.034,0.034,1.1.051,2.076,0.051,2.831,0,1.253-.051,3.346-0.171,4.547a6.373,6.373,0,0,1,.926-0.1,5.854,5.854,0,0,1,.91.1c-0.12-1.184-.12-3.826-0.12-4.581l-0.017-2.8c0.6,0,1.2.017,1.8,0.034a1.919,1.919,0,0,1-.034-0.326c0-.1.017-0.24,0.034-0.429-0.617.017-1.218,0.034-1.836,0.034a9.2,9.2,0,0,1-.223-1.767,1.279,1.279,0,0,1,1.287-1.527,2.737,2.737,0,0,1,.978.206l0.12-.069Zm4.894,4.2a4.093,4.093,0,0,0-4.359,4.341c0,3.518,2.54,4.342,4.359,4.342a4.238,4.238,0,0,0,4.5-4.445C490.567,692.593,489.331,690.448,486.071,690.448Zm0.1,0.686c2.23,0,2.642,2.283,2.642,3.621,0,2.265-1.081,3.689-2.728,3.689-1.579,0-2.625-1.321-2.625-3.706C483.463,694.223,483.463,691.134,486.174,691.134Zm11.52,0.927a3.2,3.2,0,0,1-.035-0.481,3.984,3.984,0,0,1,.155-1.115,2.973,2.973,0,0,0-3.106,1.99,12.887,12.887,0,0,1,.137-1.939,3.2,3.2,0,0,1-.875.1,3.113,3.113,0,0,1-.875-0.1c0.068,1.116.137,2.06,0.137,4a31.746,31.746,0,0,1-.189,4.375,2.87,2.87,0,0,1,.858-0.1,3.227,3.227,0,0,1,.927.1c-0.017-.531-0.017-0.652-0.086-1.853-0.017-.36-0.017-0.944-0.017-1.115,0-2.111.034-2.488,0.274-3.02a1.9,1.9,0,0,1,1.682-.978,1.6,1.6,0,0,1,.892.223Zm15.055,2.66c0.017-.927.069-4.256-3.758-4.256-2.814,0-4.118,1.99-4.118,4.358a3.935,3.935,0,0,0,4.2,4.29A4.423,4.423,0,0,0,512.269,698a5.683,5.683,0,0,1,.12-1.029l-0.206-.052a3.2,3.2,0,0,1-2.728,1.39,2.626,2.626,0,0,1-2.4-1.338,4.492,4.492,0,0,1-.463-2.248h6.16ZM506.606,694c0.155-1.716.875-2.849,2.368-2.849,2.059,0,2.059,2.283,2.059,2.849h-4.427Zm12.361,2.539c-0.549-1.252-1.6-4.084-2.231-6.023a4.464,4.464,0,0,1-1.064.1,4.253,4.253,0,0,1-.978-0.1,69.9,69.9,0,0,1,3.449,8.374,1.624,1.624,0,0,1,.652-0.1,1.587,1.587,0,0,1,.635.1,64,64,0,0,1,3.6-8.374,3.624,3.624,0,0,1-.79.1,2.984,2.984,0,0,1-.686-0.1c-0.5,1.7-1.819,5.406-2.128,6.041l-0.189.394a0.087,0.087,0,0,1-.051.035,0.089,0.089,0,0,1-.052-0.035Zm6.148-2.007c0,1.338-.052,3.054-0.12,4.358a2.808,2.808,0,0,1,.892-0.1,2.458,2.458,0,0,1,.841.1c-0.1-2.711-.12-3-0.12-3.792,0-2.8.051-3.569,0.1-4.513a3.177,3.177,0,0,1-.893.1,2.72,2.72,0,0,1-.841-0.1C525.046,691.478,525.115,692.576,525.115,694.532Zm1.716-6.761a0.936,0.936,0,1,0-.944.927A0.941,0.941,0,0,0,526.831,687.771Zm2.817,7.052c0,3.038,2.076,4.308,3.809,4.308a3.273,3.273,0,0,0,2.917-1.63c0,0.24,0,.754-0.051,1.389a3.516,3.516,0,0,1,.841-0.1,3.206,3.206,0,0,1,.806.1c-0.034-1.784-.051-3.672-0.051-5.439,0-2.4.051-4.822,0.171-7.224a4.549,4.549,0,0,1-.944.1,3.463,3.463,0,0,1-.858-0.1c0.086,1.664.086,3.843,0.069,5.783a2.869,2.869,0,0,0-2.8-1.6C531.312,690.414,529.648,692.112,529.648,694.823Zm4.118,3.45c-1.115,0-2.351-.944-2.351-3.535,0-.566,0-3.449,2.454-3.449a2.328,2.328,0,0,1,2.162,1.355,4.242,4.242,0,0,1,.378,2.008,3.988,3.988,0,0,1-.7,2.728A2.266,2.266,0,0,1,533.766,698.273Zm14.42-3.552c0.017-.927.068-4.256-3.758-4.256-2.814,0-4.118,1.99-4.118,4.358a3.935,3.935,0,0,0,4.2,4.29A4.42,4.42,0,0,0,547.705,698a5.683,5.683,0,0,1,.12-1.029l-0.205-.052a3.2,3.2,0,0,1-2.729,1.39,2.624,2.624,0,0,1-2.4-1.338,4.492,4.492,0,0,1-.463-2.248h6.16ZM542.043,694c0.154-1.716.875-2.849,2.368-2.849,2.059,0,2.059,2.283,2.059,2.849h-4.427Zm9.563,0.172c0,2.574-.085,3.672-0.171,4.718a4.177,4.177,0,0,1,.909-0.1,4.065,4.065,0,0,1,.91.1c-0.052-.635-0.138-1.51-0.138-2.848a11.563,11.563,0,0,1,.309-3.346,2.2,2.2,0,0,1,2.042-1.184c1.9,0,1.991,1.63,1.991,3.346,0,0.309,0,2.2-.155,4.032a3.1,3.1,0,0,1,.91-0.1,2.837,2.837,0,0,1,.875.1c-0.035-.257-0.052-1.458-0.052-1.784,0-.584.069-3.484,0.069-3.655,0-.978-0.137-2.986-2.951-2.986a3.3,3.3,0,0,0-3.021,1.682c0.018-.241.069-1.373,0.086-1.631a4.28,4.28,0,0,1-.841.1,4.628,4.628,0,0,1-.857-0.1C551.555,691.718,551.606,693.039,551.606,694.172Zm16.925,3.225a3.325,3.325,0,0,1-2.333.927c-1,0-3-.515-3-3.672,0-2.145,1-3.5,2.9-3.5a2.072,2.072,0,0,1,2.093,1.425h0.206a6.244,6.244,0,0,1,.378-1.459,5.545,5.545,0,0,0-2.832-.686c-2.831,0-4.53,1.733-4.53,4.358,0,2.18,1.287,4.324,4.547,4.324a4.7,4.7,0,0,0,2.54-.669,3.538,3.538,0,0,1,.189-1Zm9.666-2.676c0.017-.927.069-4.256-3.758-4.256-2.814,0-4.118,1.99-4.118,4.358a3.935,3.935,0,0,0,4.2,4.29A4.42,4.42,0,0,0,577.716,698a5.8,5.8,0,0,1,.121-1.029l-0.206-.052a3.2,3.2,0,0,1-2.729,1.39,2.624,2.624,0,0,1-2.4-1.338,4.492,4.492,0,0,1-.463-2.248h6.16ZM572.054,694c0.154-1.716.875-2.849,2.368-2.849,2.059,0,2.059,2.283,2.059,2.849h-4.427ZM585,695.321a3.981,3.981,0,0,1,0-1.476c-0.721.052-1.287,0.086-2.025,0.086-0.755,0-1.493-.051-2.145-0.086a3.815,3.815,0,0,1,.069.721,4.23,4.23,0,0,1-.069.755c0.618-.051,1.03-0.086,1.768-0.086C583.213,695.235,583.694,695.253,585,695.321Zm2.354,3.569a4.661,4.661,0,0,1,.909-0.978,3.562,3.562,0,0,0,2.763,1.236c2.591,0,4.135-1.939,4.135-4.513a3.812,3.812,0,0,0-3.843-4.17,3.182,3.182,0,0,0-2.8,1.545c0.051-3.278.051-3.638,0.154-5.783a3.879,3.879,0,0,1-.892.1,5.728,5.728,0,0,1-.927-0.1c0.052,0.858.086,1.287,0.086,2.024,0.034,1.322.034,3.673,0.034,5.1,0,1.664-.017,3.963-0.12,5.542h0.5Zm3.552-.5c-1.768,0-2.506-1.476-2.506-3.415a4.022,4.022,0,0,1,.755-2.8,2.314,2.314,0,0,1,1.8-.841c0.978,0,2.471.687,2.471,3.363C593.426,696.608,592.723,698.393,590.9,698.393Zm6.921-5.783a1.9,1.9,0,0,1,1.956-1.27,1.788,1.788,0,0,1,1.922,1.87,0.713,0.713,0,0,1-.635.824l-1.493.326c-1.39.309-2.848,0.635-2.848,2.454A2.223,2.223,0,0,0,599.1,699.1a3.354,3.354,0,0,0,2.591-1.2,1.327,1.327,0,0,0,1.3,1.115,2.674,2.674,0,0,0,1.235-.377l-0.017-.481a1.074,1.074,0,0,1-.429.086c-0.635,0-.635-0.5-0.635-2.008,0-.446.069-2.59,0.069-3.088a2.367,2.367,0,0,0-.7-1.922,3.384,3.384,0,0,0-2.3-.772,4.167,4.167,0,0,0-2.78,1.047l-0.069,1.115h0.464Zm3.843,3.878a1.785,1.785,0,0,1-1.818,1.63,1.368,1.368,0,0,1-1.459-1.441c0-.927.326-1.63,3.277-2.077v1.888Zm9.186-4.033a4.909,4.909,0,0,1,.343-1.441,4.481,4.481,0,0,0-2.265-.566c-2.368,0-2.969,1.579-2.969,2.557a2.407,2.407,0,0,0,1.956,2.282c1.8,0.583,2.386.772,2.386,1.75a1.5,1.5,0,0,1-1.734,1.407,2.393,2.393,0,0,1-1.252-.326,2.057,2.057,0,0,1-.927-1.132l-0.206.051a5.2,5.2,0,0,1-.394,1.373,4.642,4.642,0,0,0,2.539.721c2.385,0,3.295-1.459,3.295-2.763,0-1.716-1.236-2.042-2.763-2.437a1.777,1.777,0,0,1-1.613-1.51,1.356,1.356,0,0,1,1.6-1.287,1.976,1.976,0,0,1,1.115.292,1.614,1.614,0,0,1,.67,1.029h0.223Zm9.922,2.266c0.017-.927.068-4.256-3.758-4.256-2.814,0-4.118,1.99-4.118,4.358a3.935,3.935,0,0,0,4.2,4.29A4.42,4.42,0,0,0,620.295,698a5.683,5.683,0,0,1,.12-1.029l-0.206-.052a3.2,3.2,0,0,1-2.728,1.39,2.624,2.624,0,0,1-2.4-1.338,4.483,4.483,0,0,1-.464-2.248h6.161ZM614.633,694c0.154-1.716.875-2.849,2.368-2.849,2.059,0,2.059,2.283,2.059,2.849h-4.427Zm8.757,0.823c0,3.038,2.076,4.308,3.809,4.308a3.273,3.273,0,0,0,2.917-1.63c0,0.24,0,.754-0.051,1.389a3.516,3.516,0,0,1,.841-0.1,3.206,3.206,0,0,1,.806.1c-0.034-1.784-.051-3.672-0.051-5.439,0-2.4.051-4.822,0.171-7.224a4.549,4.549,0,0,1-.944.1,3.463,3.463,0,0,1-.858-0.1c0.086,1.664.086,3.843,0.069,5.783a2.869,2.869,0,0,0-2.8-1.6C625.054,690.414,623.39,692.112,623.39,694.823Zm4.118,3.45c-1.115,0-2.351-.944-2.351-3.535,0-.566,0-3.449,2.454-3.449a2.328,2.328,0,0,1,2.162,1.355,4.242,4.242,0,0,1,.378,2.008,3.988,3.988,0,0,1-.7,2.728A2.266,2.266,0,0,1,627.508,698.273Zm11.454,3.088a3.91,3.91,0,0,0,2.643-1.081c0.943-.961.978-1.921,0.978-3.878,0-.738-0.017-1.6-0.017-2.334,0-2.625.051-5.079,0.188-7.052a5.023,5.023,0,0,1-2.024,0c0.085,1.7.137,3.586,0.137,5.474,0,1.373-.017,5.1-0.155,6.263-0.188,1.75-1.1,1.973-1.836,2.059Zm6.867-8.751a1.9,1.9,0,0,1,1.956-1.27,1.788,1.788,0,0,1,1.922,1.87,0.713,0.713,0,0,1-.635.824l-1.493.326c-1.39.309-2.848,0.635-2.848,2.454A2.223,2.223,0,0,0,647.1,699.1a3.354,3.354,0,0,0,2.591-1.2,1.327,1.327,0,0,0,1.3,1.115,2.674,2.674,0,0,0,1.235-.377l-0.017-.481a1.074,1.074,0,0,1-.429.086c-0.635,0-.635-0.5-0.635-2.008,0-.446.069-2.59,0.069-3.088a2.367,2.367,0,0,0-.7-1.922,3.384,3.384,0,0,0-2.3-.772,4.167,4.167,0,0,0-2.78,1.047l-0.068,1.115h0.463Zm3.844,3.878a1.786,1.786,0,0,1-1.819,1.63,1.368,1.368,0,0,1-1.459-1.441c0-.927.326-1.63,3.278-2.077v1.888Zm12.926-1.75c0-3.055-2.094-4.307-3.81-4.307a3.172,3.172,0,0,0-2.917,1.647c0-.36,0-0.618.069-1.562a3.992,3.992,0,0,1-.841.1,3.844,3.844,0,0,1-.841-0.1c0.052,2.489.086,4.6,0.086,6.161,0,2.231-.052,4.478-0.189,6.709a3.4,3.4,0,0,1,.927-0.1,3.119,3.119,0,0,1,.892.1c-0.1-1.579-.086-3.14-0.086-5.834a2.872,2.872,0,0,0,2.8,1.6C660.934,699.148,662.6,697.449,662.6,694.738Zm-4.119-3.449c1.116,0,2.351.943,2.351,3.534,0,0.549,0,3.45-2.454,3.45a2.252,2.252,0,0,1-1.819-.841,3.411,3.411,0,0,1-.7-2.506,3.9,3.9,0,0,1,.7-2.745A2.325,2.325,0,0,1,658.48,691.289Zm6.784,1.321a1.9,1.9,0,0,1,1.956-1.27,1.788,1.788,0,0,1,1.922,1.87,0.713,0.713,0,0,1-.635.824l-1.493.326c-1.39.309-2.848,0.635-2.848,2.454a2.223,2.223,0,0,0,2.368,2.282,3.354,3.354,0,0,0,2.591-1.2,1.328,1.328,0,0,0,1.3,1.115,2.682,2.682,0,0,0,1.236-.377l-0.018-.481a1.07,1.07,0,0,1-.429.086c-0.635,0-.635-0.5-0.635-2.008,0-.446.069-2.59,0.069-3.088a2.37,2.37,0,0,0-.7-1.922,3.388,3.388,0,0,0-2.3-.772,4.167,4.167,0,0,0-2.78,1.047L664.8,692.61h0.463Zm3.844,3.878a1.786,1.786,0,0,1-1.819,1.63,1.368,1.368,0,0,1-1.459-1.441c0-.927.326-1.63,3.278-2.077v1.888Zm4.809-2.316c0,2.574-.086,3.672-0.171,4.718a4.177,4.177,0,0,1,.909-0.1,4.065,4.065,0,0,1,.91.1c-0.052-.635-0.138-1.51-0.138-2.848a11.563,11.563,0,0,1,.309-3.346,2.2,2.2,0,0,1,2.042-1.184c1.9,0,1.991,1.63,1.991,3.346,0,0.309,0,2.2-.155,4.032a3.1,3.1,0,0,1,.91-0.1,2.837,2.837,0,0,1,.875.1c-0.035-.257-0.052-1.458-0.052-1.784,0-.584.069-3.484,0.069-3.655,0-.978-0.137-2.986-2.951-2.986a3.3,3.3,0,0,0-3.021,1.682c0.018-.241.069-1.373,0.086-1.631a4.29,4.29,0,0,1-.841.1,4.649,4.649,0,0,1-.858-0.1C673.866,691.718,673.917,693.039,673.917,694.172Zm17.732,0.549c0.017-.927.068-4.256-3.758-4.256-2.814,0-4.118,1.99-4.118,4.358a3.935,3.935,0,0,0,4.2,4.29A4.42,4.42,0,0,0,691.168,698a5.683,5.683,0,0,1,.12-1.029l-0.206-.052a3.2,3.2,0,0,1-2.728,1.39,2.624,2.624,0,0,1-2.4-1.338,4.492,4.492,0,0,1-.463-2.248h6.16ZM685.506,694c0.154-1.716.875-2.849,2.368-2.849,2.059,0,2.059,2.283,2.059,2.849h-4.427Zm13.939-1.545a4.94,4.94,0,0,1,.343-1.441,4.478,4.478,0,0,0-2.265-.566c-2.368,0-2.968,1.579-2.968,2.557a2.406,2.406,0,0,0,1.956,2.282c1.8,0.583,2.385.772,2.385,1.75a1.5,1.5,0,0,1-1.733,1.407,2.394,2.394,0,0,1-1.253-.326,2.054,2.054,0,0,1-.926-1.132l-0.206.051a5.243,5.243,0,0,1-.395,1.373,4.65,4.65,0,0,0,2.54.721c2.385,0,3.294-1.459,3.294-2.763,0-1.716-1.235-2.042-2.763-2.437a1.777,1.777,0,0,1-1.613-1.51,1.357,1.357,0,0,1,1.6-1.287,1.98,1.98,0,0,1,1.116.292,1.616,1.616,0,0,1,.669,1.029h0.223Zm9.922,2.266c0.017-.927.069-4.256-3.758-4.256-2.814,0-4.118,1.99-4.118,4.358a3.935,3.935,0,0,0,4.2,4.29A4.423,4.423,0,0,0,708.887,698a5.683,5.683,0,0,1,.12-1.029l-0.206-.052a3.2,3.2,0,0,1-2.729,1.39,2.624,2.624,0,0,1-2.4-1.338,4.492,4.492,0,0,1-.463-2.248h6.16ZM703.224,694c0.154-1.716.875-2.849,2.368-2.849,2.059,0,2.059,2.283,2.059,2.849h-4.427Zm15.452-1.218c0,3.363-.051,4.238-0.171,6.108a4.463,4.463,0,0,1,.909-0.1,6.833,6.833,0,0,1,1.064.1c-0.051-1.287-.12-2.66-0.12-5.748,0-2.042.034-4.084,0.137-6.126a3.739,3.739,0,0,1-1,.1,3.327,3.327,0,0,1-.944-0.1C718.676,690.156,718.676,690.311,718.676,692.782Zm4.962,1.39c0,2.574-.086,3.672-0.171,4.718a4.177,4.177,0,0,1,.909-0.1,4.065,4.065,0,0,1,.91.1c-0.052-.635-0.138-1.51-0.138-2.848a11.563,11.563,0,0,1,.309-3.346,2.2,2.2,0,0,1,2.042-1.184c1.9,0,1.991,1.63,1.991,3.346,0,0.309,0,2.2-.155,4.032a3.1,3.1,0,0,1,.91-0.1,2.837,2.837,0,0,1,.875.1c-0.035-.257-0.052-1.458-0.052-1.784,0-.584.069-3.484,0.069-3.655,0-.978-0.137-2.986-2.951-2.986a3.3,3.3,0,0,0-3.021,1.682c0.018-.241.069-1.373,0.086-1.631a4.29,4.29,0,0,1-.841.1,4.649,4.649,0,0,1-.858-0.1C723.587,691.718,723.638,693.039,723.638,694.172Zm10.8,0.034c-0.034,1.613-.034,1.922-0.034,2.2a3.007,3.007,0,0,0,.24,1.613,2.037,2.037,0,0,0,1.836,1.03,3.462,3.462,0,0,0,1.459-.326,1.144,1.144,0,0,1,0-.481c-0.223.035-.635,0.1-0.789,0.1-0.979,0-1.2-.755-1.2-2.144,0-1.562.018-3.141,0.086-4.7,0.7,0,1.424.034,1.853,0.051a2.485,2.485,0,0,1-.034-0.412,2.937,2.937,0,0,1,.034-0.429c-0.583.052-1.218,0.086-1.853,0.086,0.035-1.133.035-1.27,0.12-2.694a7.812,7.812,0,0,1-1.75.789c0.034,0.893.034,1.3,0.034,1.905-0.326,0-.6-0.017-0.823-0.034s-0.412-.035-0.549-0.052a3.151,3.151,0,0,1,.034.429,2.722,2.722,0,0,1-.034.429c0.72-.051.823-0.068,1.372-0.068v2.711Zm12.358,0.515c0.017-.927.069-4.256-3.758-4.256-2.814,0-4.118,1.99-4.118,4.358a3.935,3.935,0,0,0,4.2,4.29A4.423,4.423,0,0,0,746.315,698a5.683,5.683,0,0,1,.12-1.029l-0.206-.052a3.2,3.2,0,0,1-2.728,1.39,2.626,2.626,0,0,1-2.4-1.338,4.492,4.492,0,0,1-.463-2.248h6.16ZM740.652,694c0.154-1.716.875-2.849,2.368-2.849,2.059,0,2.059,2.283,2.059,2.849h-4.427Zm9.118-.772a2.407,2.407,0,0,0,1.664,2.4,1.838,1.838,0,0,0-1.39,1.681,1.415,1.415,0,0,0,1.27,1.425,2.516,2.516,0,0,0-1.888,2.248c0,1.132.875,2.557,3.638,2.557,3.621,0,4.53-2.454,4.53-3.69a2.105,2.105,0,0,0-.686-1.613,3.192,3.192,0,0,0-2.334-.669c-0.171,0-1.029.017-1.218,0.017-1.888,0-2.008-.446-2.008-0.909a0.766,0.766,0,0,1,.755-0.824c0.035,0,1.013.069,1.2,0.069,1.957,0,3.449-1,3.449-2.814a2.127,2.127,0,0,0-.72-1.648c0.48,0,1.132,0,1.578.035a4,4,0,0,1-.051-0.447,3.672,3.672,0,0,1,.051-0.428,14.442,14.442,0,0,1-1.561.068,8.1,8.1,0,0,1-1.785-.172,6.537,6.537,0,0,0-1.149-.085C751.28,690.431,749.77,691.409,749.77,693.228Zm3.414,2.11a1.771,1.771,0,0,1-1.784-2.059,1.955,1.955,0,0,1,1.87-2.265,1.831,1.831,0,0,1,1.853,2.059A1.977,1.977,0,0,1,753.184,695.338Zm0.241,7.5c-1.613,0-2.712-.772-2.712-2.042,0-1.973,2.265-1.973,2.677-1.973,1.081,0,2.78.257,2.78,1.853C756.17,701.825,755.209,702.837,753.425,702.837Zm12.034-10.776a3.294,3.294,0,0,1-.034-0.481,4.029,4.029,0,0,1,.154-1.115,2.975,2.975,0,0,0-3.106,1.99,12.8,12.8,0,0,1,.138-1.939,3.211,3.211,0,0,1-.876.1,3.123,3.123,0,0,1-.875-0.1c0.069,1.116.138,2.06,0.138,4a31.746,31.746,0,0,1-.189,4.375,2.865,2.865,0,0,1,.858-0.1,3.219,3.219,0,0,1,.926.1c-0.017-.531-0.017-0.652-0.085-1.853-0.017-.36-0.017-0.944-0.017-1.115,0-2.111.034-2.488,0.274-3.02a1.9,1.9,0,0,1,1.682-.978,1.6,1.6,0,0,1,.892.223Zm2.681,0.549a1.9,1.9,0,0,1,1.956-1.27,1.788,1.788,0,0,1,1.922,1.87,0.713,0.713,0,0,1-.635.824l-1.493.326c-1.39.309-2.848,0.635-2.848,2.454a2.223,2.223,0,0,0,2.368,2.282A3.354,3.354,0,0,0,772,697.9a1.327,1.327,0,0,0,1.3,1.115,2.674,2.674,0,0,0,1.235-.377l-0.017-.481a1.074,1.074,0,0,1-.429.086c-0.635,0-.635-0.5-0.635-2.008,0-.446.069-2.59,0.069-3.088a2.367,2.367,0,0,0-.7-1.922,3.384,3.384,0,0,0-2.3-.772,4.167,4.167,0,0,0-2.78,1.047l-0.068,1.115h0.463Zm3.844,3.878a1.786,1.786,0,0,1-1.819,1.63,1.368,1.368,0,0,1-1.459-1.441c0-.927.326-1.63,3.278-2.077v1.888Zm5.032-2.282c-0.034,1.613-.034,1.922-0.034,2.2a3.007,3.007,0,0,0,.24,1.613,2.037,2.037,0,0,0,1.836,1.03,3.462,3.462,0,0,0,1.459-.326,1.112,1.112,0,0,1,0-.481c-0.223.035-.635,0.1-0.79,0.1-0.978,0-1.2-.755-1.2-2.144,0-1.562.017-3.141,0.086-4.7,0.7,0,1.424.034,1.853,0.051a2.485,2.485,0,0,1-.034-0.412,2.937,2.937,0,0,1,.034-0.429c-0.583.052-1.218,0.086-1.853,0.086,0.034-1.133.034-1.27,0.12-2.694a7.832,7.832,0,0,1-1.75.789c0.034,0.893.034,1.3,0.034,1.905-0.326,0-.6-0.017-0.823-0.034s-0.412-.035-0.55-0.052a2.989,2.989,0,0,1,.035.429,2.591,2.591,0,0,1-.035.429c0.721-.051.824-0.068,1.373-0.068v2.711Zm5.288,0.326c0,1.338-.051,3.054-0.12,4.358a2.817,2.817,0,0,1,.892-0.1,2.455,2.455,0,0,1,.841.1c-0.1-2.711-.12-3-0.12-3.792,0-2.8.052-3.569,0.1-4.513a3.169,3.169,0,0,1-.892.1,2.712,2.712,0,0,1-.841-0.1C782.236,691.478,782.3,692.576,782.3,694.532Zm1.716-6.761a0.935,0.935,0,1,0-.944.927A0.941,0.941,0,0,0,784.02,687.771Zm6.421,8.768c-0.549-1.252-1.6-4.084-2.231-6.023a4.464,4.464,0,0,1-1.064.1,4.259,4.259,0,0,1-.978-0.1,69.739,69.739,0,0,1,3.449,8.374,1.624,1.624,0,0,1,.652-0.1,1.587,1.587,0,0,1,.635.1,64,64,0,0,1,3.6-8.374,3.624,3.624,0,0,1-.79.1,2.984,2.984,0,0,1-.686-0.1c-0.5,1.7-1.819,5.406-2.128,6.041l-0.189.394a0.087,0.087,0,0,1-.051.035,0.092,0.092,0,0,1-.052-0.035Zm13.217-1.818c0.018-.927.069-4.256-3.757-4.256-2.815,0-4.119,1.99-4.119,4.358a3.935,3.935,0,0,0,4.2,4.29A4.423,4.423,0,0,0,803.178,698a5.683,5.683,0,0,1,.12-1.029l-0.206-.052a3.2,3.2,0,0,1-2.728,1.39,2.626,2.626,0,0,1-2.4-1.338,4.492,4.492,0,0,1-.463-2.248h6.16ZM797.515,694c0.155-1.716.875-2.849,2.368-2.849,2.059,0,2.059,2.283,2.059,2.849h-4.427Zm26.623,4.89a5.31,5.31,0,0,1,1.064-.1,6,6,0,0,1,.961.1,2.656,2.656,0,0,1-.1-0.463c-0.446-2.763-1.012-7.859-1.407-11.48a3.084,3.084,0,0,1-.326.035,2.15,2.15,0,0,1-.309-0.035c-0.291.653-.377,0.824-0.789,1.63-1.012,1.922-1.321,2.489-4.084,7.62-1.1-1.768-4.461-8.117-4.959-9.25a2.929,2.929,0,0,1-.343.035,1.527,1.527,0,0,1-.292-0.035c-0.4,3.758-1.6,11.137-1.767,11.943a4.079,4.079,0,0,1,.823-0.1,2.452,2.452,0,0,1,.652.1,72.4,72.4,0,0,1,.7-8.648c1.132,1.973,2.5,4.6,3.706,6.915,0.309,0.6.5,1.03,0.807,1.733a1.189,1.189,0,0,1,.223-0.034,1.354,1.354,0,0,1,.24.034,20.12,20.12,0,0,1,.892-2.042q1.7-3.423,3.552-6.76C823.435,690.551,824.121,697.054,824.138,698.89Zm11.248-4.169c0.018-.927.069-4.256-3.757-4.256-2.815,0-4.119,1.99-4.119,4.358a3.935,3.935,0,0,0,4.2,4.29A4.423,4.423,0,0,0,834.906,698a5.683,5.683,0,0,1,.12-1.029l-0.206-.052a3.2,3.2,0,0,1-2.728,1.39,2.624,2.624,0,0,1-2.4-1.338,4.483,4.483,0,0,1-.464-2.248h6.16ZM829.243,694c0.155-1.716.876-2.849,2.368-2.849,2.06,0,2.06,2.283,2.06,2.849h-4.428ZM838,694.823c0,3.038,2.076,4.308,3.809,4.308a3.273,3.273,0,0,0,2.917-1.63c0,0.24,0,.754-0.051,1.389a3.514,3.514,0,0,1,.84-0.1,3.208,3.208,0,0,1,.807.1c-0.034-1.784-.052-3.672-0.052-5.439,0-2.4.052-4.822,0.172-7.224a4.557,4.557,0,0,1-.944.1,3.456,3.456,0,0,1-.858-0.1c0.086,1.664.086,3.843,0.069,5.783a2.87,2.87,0,0,0-2.8-1.6C839.665,690.414,838,692.112,838,694.823Zm4.118,3.45c-1.116,0-2.351-.944-2.351-3.535,0-.566,0-3.449,2.454-3.449a2.328,2.328,0,0,1,2.162,1.355,4.241,4.241,0,0,1,.377,2.008,3.989,3.989,0,0,1-.7,2.728A2.267,2.267,0,0,1,842.119,698.273Zm7.35-3.741c0,1.338-.052,3.054-0.12,4.358a2.812,2.812,0,0,1,.892-0.1,2.458,2.458,0,0,1,.841.1c-0.1-2.711-.12-3-0.12-3.792,0-2.8.051-3.569,0.1-4.513a3.177,3.177,0,0,1-.893.1,2.709,2.709,0,0,1-.84-0.1C849.4,691.478,849.469,692.576,849.469,694.532Zm1.716-6.761a0.936,0.936,0,1,0-.944.927A0.941,0.941,0,0,0,851.185,687.771Zm9.972,9.626a3.325,3.325,0,0,1-2.333.927c-1,0-3-.515-3-3.672,0-2.145,1-3.5,2.9-3.5a2.072,2.072,0,0,1,2.093,1.425h0.206a6.244,6.244,0,0,1,.378-1.459,5.545,5.545,0,0,0-2.832-.686c-2.831,0-4.53,1.733-4.53,4.358,0,2.18,1.287,4.324,4.547,4.324a4.7,4.7,0,0,0,2.54-.669,3.538,3.538,0,0,1,.189-1Zm2.6-2.865c0,1.338-.051,3.054-0.12,4.358a2.82,2.82,0,0,1,.893-0.1,2.452,2.452,0,0,1,.84.1c-0.1-2.711-.12-3-0.12-3.792,0-2.8.052-3.569,0.1-4.513a3.164,3.164,0,0,1-.892.1,2.712,2.712,0,0,1-.841-0.1C863.685,691.478,863.753,692.576,863.753,694.532Zm1.716-6.761a0.935,0.935,0,1,0-.943.927A0.941,0.941,0,0,0,865.469,687.771Zm3.624,6.4c0,2.574-.086,3.672-0.172,4.718a4.2,4.2,0,0,1,.91-0.1,4.055,4.055,0,0,1,.909.1c-0.051-.635-0.137-1.51-0.137-2.848a11.563,11.563,0,0,1,.309-3.346,2.2,2.2,0,0,1,2.042-1.184c1.9,0,1.99,1.63,1.99,3.346,0,0.309,0,2.2-.154,4.032a3.089,3.089,0,0,1,.909-0.1,2.837,2.837,0,0,1,.875.1c-0.034-.257-0.051-1.458-0.051-1.784,0-.584.069-3.484,0.069-3.655,0-.978-0.138-2.986-2.952-2.986a3.3,3.3,0,0,0-3.02,1.682c0.017-.241.069-1.373,0.086-1.631a4.3,4.3,0,0,1-.841.1,4.649,4.649,0,0,1-.858-0.1C869.041,691.718,869.093,693.039,869.093,694.172Zm17.731,0.549c0.018-.927.069-4.256-3.757-4.256-2.815,0-4.119,1.99-4.119,4.358a3.935,3.935,0,0,0,4.2,4.29A4.423,4.423,0,0,0,886.344,698a5.683,5.683,0,0,1,.12-1.029l-0.206-.052a3.2,3.2,0,0,1-2.728,1.39,2.626,2.626,0,0,1-2.4-1.338,4.492,4.492,0,0,1-.463-2.248h6.16ZM880.681,694c0.155-1.716.875-2.849,2.368-2.849,2.059,0,2.059,2.283,2.059,2.849h-4.427Zm14.886-.051a9.725,9.725,0,0,0,.652,3.671,9.406,9.406,0,0,0,2.351,3.535,1.574,1.574,0,0,1,.378-0.377,10.6,10.6,0,0,1-2.094-6.744,10.186,10.186,0,0,1,2.18-6.812,3.136,3.136,0,0,1-.412-0.395,7.573,7.573,0,0,0-1.768,2.265A9.26,9.26,0,0,0,895.567,693.949Zm12.684,0.772c0.017-.927.069-4.256-3.758-4.256-2.814,0-4.118,1.99-4.118,4.358a3.935,3.935,0,0,0,4.2,4.29A4.423,4.423,0,0,0,907.771,698a5.683,5.683,0,0,1,.12-1.029l-0.206-.052a3.2,3.2,0,0,1-2.728,1.39,2.626,2.626,0,0,1-2.4-1.338,4.492,4.492,0,0,1-.463-2.248h6.16ZM902.108,694c0.155-1.716.875-2.849,2.368-2.849,2.059,0,2.059,2.283,2.059,2.849h-4.427Zm8.328,7.361a3.91,3.91,0,0,0,2.643-1.081c0.944-.961.978-1.921,0.978-3.878,0-.738-0.017-1.6-0.017-2.334,0-2.625.051-5.079,0.188-7.052a5.023,5.023,0,0,1-2.024,0c0.085,1.7.137,3.586,0.137,5.474,0,1.373-.017,5.1-0.154,6.263-0.189,1.75-1.1,1.973-1.837,2.059Zm7.124-8.579c0,3.363-.051,4.238-0.171,6.108a4.463,4.463,0,0,1,.909-0.1,6.833,6.833,0,0,1,1.064.1c-0.051-1.287-.12-2.66-0.12-5.748,0-2.042.034-4.084,0.137-6.126a3.739,3.739,0,0,1-1,.1,3.327,3.327,0,0,1-.944-0.1C917.56,690.156,917.56,690.311,917.56,692.782Zm16.6,6.108a5.31,5.31,0,0,1,1.064-.1,6,6,0,0,1,.961.1,2.656,2.656,0,0,1-.1-0.463c-0.446-2.763-1.012-7.859-1.407-11.48a3.084,3.084,0,0,1-.326.035,2.15,2.15,0,0,1-.309-0.035c-0.291.653-.377,0.824-0.789,1.63-1.012,1.922-1.321,2.489-4.084,7.62-1.1-1.768-4.461-8.117-4.959-9.25a2.929,2.929,0,0,1-.343.035,1.527,1.527,0,0,1-.292-0.035c-0.395,3.758-1.6,11.137-1.767,11.943a4.079,4.079,0,0,1,.823-0.1,2.452,2.452,0,0,1,.652.1,72.4,72.4,0,0,1,.7-8.648c1.132,1.973,2.5,4.6,3.706,6.915,0.309,0.6.5,1.03,0.807,1.733a1.189,1.189,0,0,1,.223-0.034,1.354,1.354,0,0,1,.24.034,20.358,20.358,0,0,1,.892-2.042q1.7-3.423,3.552-6.76C933.453,690.551,934.139,697.054,934.156,698.89Zm6.787-4.924a9.2,9.2,0,0,0-1.338-4.942,7.527,7.527,0,0,0-1.716-2.2,2.272,2.272,0,0,1-.412.395,10.215,10.215,0,0,1,2.179,6.812,10.608,10.608,0,0,1-2.093,6.744,1.977,1.977,0,0,1,.377.377,8.91,8.91,0,0,0,1.939-2.608A9.745,9.745,0,0,0,940.943,693.966Z" transform="translate(-342 -575)"/>
    <path id="_統合医療_情報発信サイト" data-name="「統合医療」情報発信サイト" class="cls-3" d="M343.176,659.454a1.956,1.956,0,0,0,2.008,2.059,2.012,2.012,0,0,0,2.112-2.059V619.589a2.319,2.319,0,0,1,2.163-2.472h6.85a1.83,1.83,0,0,0,0-3.657h-7.365c-3.657,0-5.768,2.215-5.768,5.459v40.535Zm63.713-36.26a1.693,1.693,0,0,0,1.854-1.7,1.721,1.721,0,0,0-1.854-1.7h-9.58v-3.142a2.7,2.7,0,1,0-5.408,0v3.142h-8.859a1.721,1.721,0,0,0-1.854,1.7,1.693,1.693,0,0,0,1.854,1.7h6.8a0.54,0.54,0,0,0-.1.258,47.132,47.132,0,0,1-3.966,9.682h-2.266a2.158,2.158,0,0,0-2.266,2.267,2.308,2.308,0,0,0,2.214,2.421,181.377,181.377,0,0,0,18.9-3.3c0.36,0.773.669,1.545,0.978,2.369a2.3,2.3,0,0,0,2.215,1.7,2.836,2.836,0,0,0,2.781-2.781c0-.824-0.309-2.781-7.674-10.456a2.07,2.07,0,0,0-1.442-.669,1.452,1.452,0,0,0-1.494,1.442,1.813,1.813,0,0,0,.361,1.082c1.03,1.493,2.06,3.09,2.987,4.738-3.863.464-7.829,0.876-11.743,1.082,2.472-3.039,5.408-7.417,5.408-8.653a1.949,1.949,0,0,0-.412-1.185h12.567Zm-11.177,32.912c0,4.686,2.421,5.511,6.335,5.511,5.511,0,7.778-.876,7.881-12.1a1.678,1.678,0,0,0-1.7-1.7,1.554,1.554,0,0,0-1.6,1.545c-0.36,6.283-1.184,7.725-3.759,7.725-2.061,0-2.318-.876-2.318-1.6V639.521a2.256,2.256,0,0,0-2.421-2.266,2.307,2.307,0,0,0-2.421,2.369v16.482Zm-27.5-30.594c1.545-1.6,6.49-7.365,6.49-9.219a2.51,2.51,0,0,0-2.627-2.266,2.17,2.17,0,0,0-2.163,1.545,46.221,46.221,0,0,1-3.812,8.086c-1.9-1.6-2.369-1.751-2.935-1.751a1.389,1.389,0,0,0-1.443,1.339,1.549,1.549,0,0,0,.464,1.133,41.908,41.908,0,0,1,4.481,5.871,1.918,1.918,0,0,0,1.6,1.031,2.489,2.489,0,0,0,1.442-4.276Zm12.361,36.671c9.065-4.378,11.8-10.4,11.8-20.962,0-1.751-.618-3.091-2.576-3.091a2.35,2.35,0,0,0-2.42,2.524c0,9.683-1.133,14.318-8.705,18.7a1.623,1.623,0,0,0-.927,1.441,1.685,1.685,0,0,0,1.752,1.649A2.344,2.344,0,0,0,380.57,662.183Zm-10.558-2.266a2.375,2.375,0,0,0,2.317,2.575,2.347,2.347,0,0,0,2.318-2.575l-0.051-20.6c0.978-.206,1.854-0.515,2.678-0.721,0.669,3.039.824,3.657,2.163,3.657a2.219,2.219,0,0,0,2.215-2.163c0-1.082-1.906-5.254-3.554-8.19a1.429,1.429,0,0,0-1.288-.772,1.3,1.3,0,0,0-1.287,1.906c0.36,0.927.721,1.9,1.03,2.987-2.266.309-4.79,0.566-7.365,0.772a130.422,130.422,0,0,0,10.713-12,2.851,2.851,0,0,0,.618-1.6,2.614,2.614,0,0,0-2.679-2.421,2.364,2.364,0,0,0-2.111,1.34,104.219,104.219,0,0,1-10.353,14.936c-0.669.052-1.339,0.052-2.008,0.052a2.024,2.024,0,0,0-2.164,2.06,2.271,2.271,0,0,0,2.318,2.317c0.464,0,1.133-.1,6.541-1.184Zm9.631-4.481a2.317,2.317,0,0,0,2.318-2.369,41.059,41.059,0,0,0-2.73-8.55,1.551,1.551,0,0,0-1.442-1.03,1.451,1.451,0,0,0-1.442,1.494,1.436,1.436,0,0,0,.051.463,51.189,51.189,0,0,1,1.339,8.035A1.935,1.935,0,0,0,379.643,655.436Zm-14.576,2.627a53.625,53.625,0,0,0,3.4-12,2.284,2.284,0,0,0-2.421-2.266,1.962,1.962,0,0,0-2.112,1.854,67.106,67.106,0,0,1-2.009,11.434,1.952,1.952,0,0,0-.051.515,1.571,1.571,0,0,0,1.6,1.6A1.774,1.774,0,0,0,365.067,658.063Zm85.809-23.126a1.828,1.828,0,1,0,0-3.656H424.351a62.233,62.233,0,0,0,12.928-12.053,1.341,1.341,0,0,1,1.081-.566,1.264,1.264,0,0,1,1.03.515,75.751,75.751,0,0,0,17.563,15.709,4.185,4.185,0,0,0,2.112.67,3.253,3.253,0,0,0,3.142-3.3,3.157,3.157,0,0,0-2.112-2.987c-6.9-2.936-13.649-8.035-19.417-13.649a5.948,5.948,0,0,0-4.069-1.6,5.544,5.544,0,0,0-4.584,2.317,57.35,57.35,0,0,1-18.438,17.1,1.71,1.71,0,0,0-.927,1.545,1.692,1.692,0,0,0,1.7,1.751c1.339,0,7.623-3.914,7.932-4.12a1.41,1.41,0,0,0-.052.463,1.781,1.781,0,0,0,1.855,1.854h26.782Zm-0.67,26.216c3.606,0,5.82-1.751,5.82-4.893V645.5c0-3.194-2.163-4.842-5.82-4.842H424.763c-3.657,0-5.768,1.8-5.768,4.893V656.26c0,3.142,2.214,4.893,5.768,4.893h25.443Zm0.464-5.717a1.991,1.991,0,0,1-2.215,2.06H426.566a1.992,1.992,0,0,1-2.215-2.06v-9.168c0-1.236.721-1.957,2.163-1.957h21.941c1.545,0,2.215.67,2.215,1.957v9.168Zm58.923-15.554a1.676,1.676,0,0,0,1.8-1.7,1.649,1.649,0,0,0-1.8-1.7H495.172c0.154-2.523.206-5.717,0.206-7.571h11.331a1.682,1.682,0,1,0,0-3.347H485.9a6.532,6.532,0,0,0,.876-2.524,2.832,2.832,0,0,0-3.039-2.576,2.516,2.516,0,0,0-2.524,1.8,24.8,24.8,0,0,1-5.305,10.507,1.851,1.851,0,0,0-.515,1.236,1.6,1.6,0,0,0,1.545,1.6c1.442,0,4.893-3.709,6.953-6.7h6.335c0,1.854-.051,5.048-0.206,7.571H476.012a1.721,1.721,0,0,0-1.854,1.7,1.693,1.693,0,0,0,1.854,1.7h13.6c-1.442,7.313-6.129,10.816-13.957,12.928a1.384,1.384,0,0,0-1.185,1.287,1.717,1.717,0,0,0,1.751,1.648s12.619-1.545,17.1-11.382a65.6,65.6,0,0,1,11.64,9.734,3.016,3.016,0,0,0,2.214,1.082,2.739,2.739,0,0,0,2.679-2.73,3.747,3.747,0,0,0-1.8-2.987,87.12,87.12,0,0,0-13.752-7.777,18.327,18.327,0,0,0,.464-1.8h14.833Zm2.009,21.786a1.987,1.987,0,1,0,0-3.966H474.725a2.134,2.134,0,0,1-2.318-2.214V621.546a2.221,2.221,0,0,1,2.266-2.266h36.105a1.876,1.876,0,1,0,0-3.708h-37.6c-3.862,0-6.18,2.472-6.18,5.871V655.8c0,3.658,2.318,5.872,6.232,5.872H511.6Zm43.06-10.764c3.4,0,5.15-1.494,5.15-4.172V640.4c2.266,1.133,2.987,1.184,3.4,1.184a2.441,2.441,0,0,0,2.524-2.42,2.367,2.367,0,0,0-2.112-2.267,26.432,26.432,0,0,1-6.18-2.214c3.811-1.906,4.738-2.782,4.738-3.863a2.242,2.242,0,0,0-2.214-2.06,1.994,1.994,0,0,0-1.649.824,22.221,22.221,0,0,1-3.45,3.5,19.7,19.7,0,0,1-4.584-4.944h12.567a1.619,1.619,0,0,0,1.8-1.494,1.588,1.588,0,0,0-1.8-1.493H548.533l0.206-.722a2.527,2.527,0,0,0,.051-0.618,2.346,2.346,0,0,0-2.575-2.163,2.521,2.521,0,0,0-2.627,1.854c-0.154.67-.309,1.082-0.463,1.649H532a1.541,1.541,0,0,0-1.752,1.493,1.589,1.589,0,0,0,1.8,1.494H542.3a22.47,22.47,0,0,1-4.687,6.592,2.311,2.311,0,0,0,.515-1.39,2.033,2.033,0,0,0-.824-1.545c-0.412-.31-3.451-2.627-4.636-2.627a1.349,1.349,0,0,0-1.442,1.287,1.6,1.6,0,0,0,.567,1.133,17.035,17.035,0,0,1,2.678,3.091,1.725,1.725,0,0,0,1.442.876,1.857,1.857,0,0,0,1.133-.361,28.91,28.91,0,0,1-7,4.326,1.561,1.561,0,0,0-.978,1.391,1.438,1.438,0,0,0,1.442,1.442c0.258,0,.721-0.052,3.348-1.288v5.666c0,2.575,1.493,4.172,5.1,4.172h5.923v5.511c0,1.545-.927,2.111-2.369,2.111a12.108,12.108,0,0,1-2.73-.463,2.1,2.1,0,0,0-.567-0.052,1.571,1.571,0,0,0-1.6,1.6c0,2.472,6.129,2.833,6.644,2.833,3.038,0,5.614-1.339,5.614-4.739v-6.8h4.79Zm9.013-29.719a1.659,1.659,0,1,0,0-3.3H546.884v-1.8a2.677,2.677,0,0,0-5.305,0v1.8H529.63c-3.4,0-5.459,1.906-5.459,5.151v9.065c0,1.184-.052,2.266-0.052,3.347a34.594,34.594,0,0,1-6.592,6.8,2.931,2.931,0,0,0-1.185,2.266,2.467,2.467,0,0,0,2.266,2.576c1.031,0,2.318-.773,5.357-6.439-0.464,8.6-1.751,13.855-4.944,19a2.239,2.239,0,0,0-.361,1.185,1.475,1.475,0,0,0,1.494,1.545,2.28,2.28,0,0,0,1.7-.927c5.305-6.232,7.262-13.288,7.262-29.254V623.3a2,2,0,0,1,2.112-2.112h32.448Zm-8.756,25.341a1.543,1.543,0,0,1-1.8,1.545h-12.67a1.518,1.518,0,0,1-1.8-1.545v-1.8h16.275v1.8Zm-15.039,7.262a2.458,2.458,0,0,0-2.524-2.318,2.777,2.777,0,0,0-2.266,1.288,21.953,21.953,0,0,1-6.284,5.768,1.82,1.82,0,0,0-.978,1.494,1.491,1.491,0,0,0,1.545,1.391C530.609,661.411,539.88,656.672,539.88,653.788Zm22.456,7.468a2.63,2.63,0,0,0,2.523-2.678,2.859,2.859,0,0,0-1.287-2.318c-2.627-1.957-7.262-4.378-8.447-4.378a1.617,1.617,0,0,0-1.7,1.494,1.685,1.685,0,0,0,.773,1.339,40.435,40.435,0,0,1,6.078,5.46A2.734,2.734,0,0,0,562.336,661.256Zm-7.417-19.263H538.644v-1.648c0-.927.669-1.442,1.8-1.442h12.67c1.185,0,1.8.515,1.8,1.442v1.648Zm-33.941-7.828a2.407,2.407,0,0,0,2.317-2.576,35.642,35.642,0,0,0-2.884-9.116,1.764,1.764,0,0,0-1.545-1.133,1.506,1.506,0,0,0-1.494,1.545,1.416,1.416,0,0,0,.052.464,69.977,69.977,0,0,1,1.648,8.91A1.956,1.956,0,0,0,520.978,634.165Zm32.344,1.957H541.579a23.9,23.9,0,0,0,5.872-7.932,25.246,25.246,0,0,0,5.15,7.262ZM578.1,662.6c3.657,0,5.769-2.266,5.769-5.511V616.6a1.958,1.958,0,0,0-2.009-2.061,2.014,2.014,0,0,0-2.112,2.061v39.813a2.441,2.441,0,0,1-2.214,2.523h-6.8a1.83,1.83,0,0,0,0,3.657H578.1Zm58.2-6.85c0,1.751-1.133,2.524-3.141,2.524a15.085,15.085,0,0,1-4.121-.67,1.765,1.765,0,0,0-.515-0.051,1.476,1.476,0,0,0-1.442,1.6,1.782,1.782,0,0,0,1.185,1.7,19.98,19.98,0,0,0,6.747,1.391c3.554,0,6.18-1.6,6.18-5.717V640.912c0-3.039-1.9-4.584-5.1-4.584H618.582c-3.09,0-4.893,1.6-4.893,4.584v19a2.438,2.438,0,0,0,2.421,2.627,2.41,2.41,0,0,0,2.42-2.627v-6.9H636.3v2.73Zm6.232-21.992a1.624,1.624,0,1,0,0-3.245H629.6v-3.4h10.764a1.548,1.548,0,1,0,0-3.09H629.6v-3.091h12a1.569,1.569,0,0,0,1.7-1.6,1.6,1.6,0,0,0-1.7-1.6h-12v-1.391a2.5,2.5,0,0,0-5,0v1.391H613.534a1.553,1.553,0,0,0-1.648,1.6,1.582,1.582,0,0,0,1.648,1.6h11.074v3.091H615.08a1.545,1.545,0,1,0,0,3.09h9.528v3.4H612.813a1.988,1.988,0,0,0,.721-1.494c0-1.39-2.111-5.408-2.781-6.7a1.456,1.456,0,0,0-1.236-.773,1.288,1.288,0,0,0-1.288,1.339,1.64,1.64,0,0,0,.1.67,36.383,36.383,0,0,1,1.391,5.974,1.6,1.6,0,0,0,1.6,1.545h0.257a1.779,1.779,0,0,0-.412,1.082,1.586,1.586,0,0,0,1.751,1.6h29.615Zm-40.122,26.061a2.477,2.477,0,1,0,4.945,0V616.6a2.475,2.475,0,1,0-4.945,0v43.212Zm33.89-9.838H618.53v-3.708H636.3v3.708Zm0-6.746H618.53v-2.164a1.517,1.517,0,0,1,1.546-1.545h14.575a1.575,1.575,0,0,1,1.648,1.545v2.164Zm-38.576-3.5a2.225,2.225,0,0,0,2.163-2.163,123.986,123.986,0,0,0,.875-13.134,1.558,1.558,0,0,0-1.6-1.545,1.6,1.6,0,0,0-1.648,1.545,75.62,75.62,0,0,1-1.855,12.207,5.2,5.2,0,0,0-.1.824A2.167,2.167,0,0,0,597.723,639.727Zm76.022,20.19a2.422,2.422,0,0,0,2.421,2.575,2.394,2.394,0,0,0,2.421-2.575V636.482h1.9c0.515,6.232,1.8,12.156,4.687,17.2a29.706,29.706,0,0,1-5.459,6.026,1.525,1.525,0,0,0-.618,1.236,1.451,1.451,0,0,0,1.493,1.442,2.054,2.054,0,0,0,1.236-.463,32.786,32.786,0,0,0,5.563-4.945c0.361,0.464,3.914,5.048,6.181,5.048a2.74,2.74,0,0,0,2.626-2.782,2.778,2.778,0,0,0-1.442-2.42,23.7,23.7,0,0,1-4.584-3.605c3.812-6.129,4.79-14.319,4.79-16.018,0-2.267-1.287-3.966-4.481-3.966h-11.9V620.207a1.294,1.294,0,0,1,1.493-1.494h8.55c1.339,0,1.339,1.185,1.339,2.164,0,4.738-.978,6.128-3.5,6.128a13.524,13.524,0,0,1-3.5-.617,2.625,2.625,0,0,0-.567-0.1,1.418,1.418,0,0,0-1.442,1.493,1.632,1.632,0,0,0,1.133,1.6,18.845,18.845,0,0,0,6.078,1.185c6.283,0,6.747-5.306,6.747-10.971,0-2.575-1.649-4.121-4.842-4.121H678.329c-3.039,0-4.584,1.752-4.584,4.688v39.761Zm-2.781-29.461a1.592,1.592,0,1,0,0-3.141h-8.035V622.37h6.49a1.7,1.7,0,0,0,1.906-1.6,1.668,1.668,0,0,0-1.906-1.6h-6.49v-2.73a2.55,2.55,0,0,0-5.1,0v2.73h-7.21a1.7,1.7,0,0,0-1.906,1.6,1.727,1.727,0,0,0,1.906,1.6h7.21v4.945h-8.5a1.586,1.586,0,1,0,0,3.141h21.632Zm-0.876,21.014a1.7,1.7,0,0,0,1.906-1.6,1.668,1.668,0,0,0-1.906-1.6h-7.21v-5.459h7.932a1.593,1.593,0,1,0,0-3.142h-5.1c0.412-.567,3.45-4.893,3.45-6.232a2.578,2.578,0,0,0-2.729-2.318,2.172,2.172,0,0,0-2.215,1.751,47.853,47.853,0,0,1-2.266,6.8h-4.327a2.377,2.377,0,0,0,.876-1.854c0-1.8-3.09-5.408-3.451-5.821a1.879,1.879,0,0,0-1.39-.669,1.508,1.508,0,0,0-1.6,1.442,1.781,1.781,0,0,0,.154.67,26.72,26.72,0,0,1,1.7,4.944,2.743,2.743,0,0,0,.618,1.288h-4.79a1.6,1.6,0,1,0,0,3.142h8.086v5.459h-7.674a1.7,1.7,0,0,0-1.9,1.6,1.667,1.667,0,0,0,1.9,1.6h7.674v8.293a2.516,2.516,0,0,0,2.524,2.729,2.489,2.489,0,0,0,2.524-2.729V651.47h7.21Zm18.8-14.988a1.1,1.1,0,0,1,1.133,1.34,36.354,36.354,0,0,1-2.627,11.845c-2.215-3.656-3.3-7.982-3.863-13.185h5.357Zm58.2,15.04a1.762,1.762,0,0,0-1.751-1.855,1.816,1.816,0,0,0-1.751,1.7c-0.567,3.863-1.082,5.717-6.954,5.717-2.781,0-4.274-.154-4.274-2.678v-8.138h12a1.754,1.754,0,1,0,0-3.5h-12v-7.623h2.111a1.875,1.875,0,0,0,1.906-1.133c2.987,2.524,7.417,5.46,9.116,5.46a2.821,2.821,0,0,0,2.781-2.885,2.644,2.644,0,0,0-1.854-2.575,34.28,34.28,0,0,1-8.652-4.687,49.223,49.223,0,0,0,7.931-5,2.238,2.238,0,0,0,.927-1.8A2.647,2.647,0,0,0,744,620.052a2.754,2.754,0,0,0-2.164,1.133,35.935,35.935,0,0,1-6.7,5.975A36.9,36.9,0,0,1,732,623.967c7.777-4.532,8.035-6.181,8.035-6.85a2.69,2.69,0,0,0-2.679-2.421,2.307,2.307,0,0,0-2.008,1.133,26.626,26.626,0,0,1-5.3,5.666,42.122,42.122,0,0,1-3.915-6.439,1.694,1.694,0,0,0-1.6-.978,1.433,1.433,0,0,0-1.545,1.442c0,1.133,4.223,9.889,10.867,16.224H714.9c2.111-2.112,7.931-9.065,7.931-11.692,0-1.957-1.8-3.45-4.12-3.45h-12.67a1.841,1.841,0,0,0-2.112,1.648c0,0.875.721,1.7,2.163,1.7h10.1a0.818,0.818,0,0,1,.979.722c0,0.257-2.73,8.755-16.276,17a2.091,2.091,0,0,0-1.133,1.7,1.671,1.671,0,0,0,1.7,1.648,2.508,2.508,0,0,0,1.133-.309,48.7,48.7,0,0,0,9.425-6.335,1.93,1.93,0,0,0,1.7.772h1.03c0,2.061,0,4.481-.052,6.129a14.133,14.133,0,0,1-.051,1.494H703.414a1.768,1.768,0,1,0,0,3.5h10.867c-1.081,7.056-4.738,10.044-11.9,12.67a1.843,1.843,0,0,0-1.391,1.7,1.78,1.78,0,0,0,1.8,1.751s10.558-1.957,14.885-9.734a18.3,18.3,0,0,0,1.957-6.387h7.52v8.911c0,6.077,3.862,6.489,8.7,6.489,7.777,0,10.558-1.081,11.228-9.94v-0.206Zm-19.932-8.756H720a9.829,9.829,0,0,0,.052-1.236c0.1-1.751.1-4.224,0.1-6.387h7v7.623Zm-18.336-13.031a2.8,2.8,0,0,0,2.627-2.73,2.762,2.762,0,0,0-1.236-2.214c-1.8-1.391-5.46-3.451-6.593-3.451a1.559,1.559,0,0,0-1.03,2.833,28.414,28.414,0,0,1,4.635,4.687A1.968,1.968,0,0,0,708.822,629.735Zm85.4-9.991a1.679,1.679,0,1,0,0-3.348H771.093a1.683,1.683,0,1,0,0,3.348h23.126Zm4.274,7.107a1.721,1.721,0,0,0,1.855-1.7,1.693,1.693,0,0,0-1.855-1.7H767.076a1.785,1.785,0,0,0-1.957,1.7,1.756,1.756,0,0,0,1.957,1.7h31.417Zm-2.832,7.108a1.627,1.627,0,1,0,0-3.245h-25.7a1.632,1.632,0,1,0,0,3.245h25.7Zm0,7.159a1.613,1.613,0,0,0,1.751-1.6,1.585,1.585,0,0,0-1.751-1.6h-25.7a1.677,1.677,0,0,0-1.854,1.6,1.649,1.649,0,0,0,1.854,1.6h25.7Zm-3.039,20.138c3.193,0,4.944-1.648,4.944-4.687v-6.695c0-2.988-1.854-4.584-4.944-4.584H772.947c-3.09,0-4.944,1.6-4.944,4.584v6.695c0,3.142,1.854,4.687,4.944,4.687h19.675Zm-34.972-1.288a2.55,2.55,0,1,0,5.1-.051V625.976c0.721-1.391,4.069-7.881,4.069-9.426a2.823,2.823,0,0,0-2.987-2.627,2.712,2.712,0,0,0-2.678,1.958,72.17,72.17,0,0,1-9.529,20.5,2.464,2.464,0,0,0-.463,1.338,1.627,1.627,0,0,0,1.648,1.649c0.721,0,1.185-.052,5.1-5.46l-0.258,26.01v0.051Zm34.766-3.862a1.609,1.609,0,0,1-1.854,1.751H775.007a1.72,1.72,0,0,1-1.9-1.751v-5.872a1.684,1.684,0,0,1,1.854-1.648h15.606a1.642,1.642,0,0,1,1.854,1.7v5.82Zm57.275-23.486a1.99,1.99,0,0,0,2.215-1.906,1.927,1.927,0,0,0-2.112-1.906h-8.962V619.64a2.833,2.833,0,0,0-5.665,0v9.168H821.209v-9.064a2.786,2.786,0,0,0-5.562,0v9.064h-9.529a1.962,1.962,0,0,0-2.214,1.906,2.044,2.044,0,0,0,2.266,1.957h9.477v12.258a2.783,2.783,0,0,0,5.562,0V632.671h13.958v3.039c0,14.112-7.829,19.314-18.645,21.992a1.618,1.618,0,0,0-1.39,1.545,1.917,1.917,0,0,0,2.008,1.855,1.416,1.416,0,0,0,.464-0.052c13.648-2.575,23.228-9.837,23.228-24.877v-3.5Zm28.845,26.01a2.859,2.859,0,1,0,5.717,0V632.62c0.824-.567,12.67-9.168,12.67-12.928a3.18,3.18,0,0,0-3.193-3.039,3.136,3.136,0,0,0-2.472,1.236,72.841,72.841,0,0,1-33.427,23.332,1.871,1.871,0,0,0-1.39,1.751,1.817,1.817,0,0,0,1.9,1.8c1.082,0,9.632-2.112,20.293-8.5Zm29.686-.516a2.768,2.768,0,0,0,2.884,2.833,2.685,2.685,0,0,0,2.781-2.833V634.422a96.426,96.426,0,0,1,21.375,10.559,4.253,4.253,0,0,0,2.369.824,3.279,3.279,0,0,0,3.142-3.4,3.882,3.882,0,0,0-2.421-3.5c-6.129-3.039-18.027-6.7-24.465-8.138v-11.64a2.631,2.631,0,0,0-2.832-2.678,2.658,2.658,0,0,0-2.833,2.678v38.989Z" transform="translate(-342 -575)"/>
  </g>
</svg>
Ca      \d\d@.       2    :http://www.ejim.ncgg.go.jp/common/img_sp/logo.svg necko:classified 1 strongly-framed 1 request-method GET response-head HTTP/1.1 200 OK
Date: Mon, 25 Mar 2019 05:18:25 GMT
Server: Apache
Last-Modified: Fri, 16 Feb 2018 08:49:12 GMT
ETag: "40074e-122ce-565506b16d200"
Accept-Ranges: bytes
Content-Length: 74446
Cache-Control: max-age=0
Expires: Mon, 25 Mar 2019 05:18:25 GMT
Content-Type: image/svg+xml
 original-response-headers Date: Mon, 25 Mar 2019 05:18:25 GMT
Server: Apache
Last-Modified: Fri, 16 Feb 2018 08:49:12 GMT
ETag: "40074e-122ce-565506b16d200"
Accept-Ranges: bytes
Content-Length: 74446
Cache-Control: max-age=0
Expires: Mon, 25 Mar 2019 05:18:25 GMT
Connection: close
Content-Type: image/svg+xml
 net-response-time-onstart 252 net-response-time-onstop 332  "